Date;Ram;Cpu;NumPsbrBindingRecs;NumPsbrSessionRecs;AllocInMemorySize;UsedInMemorySize;BINDINGTASKQ0;BINDINGTASKQ1;BINDINGTASKQ2;BINDINGTASKQ3;SESSIONTASKQ0;SESSIONTASKQ1;SESSIONTASKQ2;SESSIONTASKQ3;ImsiAnchorKeyRecs;ImsiApnAnchorKeyRecs;MsisdnAlternateKeyRecs;MsisdnApnAlternateKeyRecs;Ipv4AlternateKeyRecs;Ipv4AlternateKeyV2Recs;Ipv6AlternateKeyRecs;Ipv6AlternateKeyV2Recs;IngressStackEventRate;EgressStackEventRate;BindingTaskCpu0;BindingTaskCpu1;BindingTaskCpu2;BindingTaskCpu3;RecordAuditTaskCpu;AuditStackEventTaskCpu;TxSbrAuditSEReqSent;TxSbrAuditSEReqSentRateAvg;TxSbrAuditSEReqSentRatePeak;TxBindingSbrInvokeSisRateAvg;TxBindingSbrInvokeSisRateMax;CATxUserBundlingRatio;CATxProvBundlingRatio;CARxBundlingRatio;SessionRecs;OcSessionRecs;OcClientHostRecs;SessionTaskCpu0;SessionTaskCpu1;SessionTaskCpu2;SessionTaskCpu3;CATcpThread;CARIngressTask;CADirectXferThr;CAREgressTask;ComAgentTimer;ComAgtReTx;AlarmMajor;AlarmMinor;AlarmCrit;SbrSisTaskCpu0;SbrSisTaskCpu1;SbrSisSendRarTaskCpu;SbrSisRspHandleTaskCpu;SbrInvokeSisSenTaskCpu;SbrInvokeSisRspTaskCpu
2015-07-02 14:00:00 EDT;49.195333333;2.0053333333;0.0;7460000.0;17502.0;8340.0;0.0;0.0;0.0;0.0;0.0;0.0;0.0;0.0;0.0;0.0;0.0;0.0;0.0;0.0;0.0;0.0;0.0;0.0;0.9;0.9;0.9;0.9;31.6;40.4;0.0;0.0;0.0;0.0;0.0;0.0;0.0;0.0;7458843.0;0.0;0.0;37.2;37.2;37.2;37.2;18.1;21.9;12.4;12.1;0.4;0.9;0.0;0.0;0.0;6.4;6.4;9.6;1.4;0.9;0.9
2015-07-02 14:00:15 EDT;49.2;2.08;0.0;7460000.0;17502.0;8340.0;0.0;0.0;0.0;0.0;0.0;0.0;0.0;0.0;0.0;0.0;0.0;0.0;0.0;0.0;0.0;0.0;0.0;0.0;0.9;0.9;0.9;0.9;31.6;40.4;0.0;0.0;0.0;0.0;0.0;0.0;0.0;0.0;7458843.0;0.0;0.0;37.2;37.2;37.2;37.2;18.1;21.9;12.4;12.1;0.4;0.9;0.0;0.0;0.0;6.4;6.4;9.6;1.4;0.9;0.9
2015-07-02 14:00:30 EDT;49.2;2.08;0.0;7460000.0;17502.0;8340.0;0.0;0.0;0.0;0.0;0.0;0.0;0.0;0.0;0.0;0.0;0.0;0.0;0.0;0.0;0.0;0.0;0.0;0.0;0.9;0.9;0.9;0.9;31.6;40.4;0.0;0.0;0.0;0.0;0.0;0.0;0.0;0.0;7458843.0;0.0;0.0;37.2;37.2;37.2;37.2;18.1;21.9;12.4;12.1;0.4;0.9;0.0;0.0;0.0;6.4;6.4;9.6;1.4;0.9;0.9
2015-07-02 14:00:45 EDT;49.2;2.08;0.0;7460000.0;17502.0;8340.0;0.0;0.0;0.0;0.0;0.0;0.0;0.0;0.0;0.0;0.0;0.0;0.0;0.0;0.0;0.0;0.0;0.0;0.0;0.9;0.9;0.9;0.9;31.6;40.4;0.0;0.0;0.0;0.0;0.0;0.0;0.0;0.0;7458843.0;0.0;0.0;37.153333333;37.153333333;37.153333333;37.153333333;18.1;21.853333333;12.4;12.1;0.4;0.9;0.0;0.0;0.0;6.4;6.4;9.6;1.4;0.9;0.9
2015-07-02 14:01:00 EDT;49.2;2.08;0.0;7460000.0;17502.0;8340.0;0.0;0.0;0.0;0.0;0.0;0.0;0.0;0.0;0.0;0.0;0.0;0.0;0.0;0.0;0.0;0.0;0.0;0.0;0.9;0.9;0.9;0.9;31.553333333;40.353333333;0.0;0.0;0.0;0.0;0.0;0.0;0.0;0.0;7458843.0;0.0;0.0;37.1;37.1;37.1;37.1;18.1;21.8;12.4;12.1;0.4;0.9;0.0;0.0;0.0;6.4;6.4;9.6;1.4;0.9;0.9
2015-07-02 14:01:15 EDT;49.190666667;1.926;0.0;7460000.0;17497.333333;8340.0;0.0;0.0;0.0;0.0;0.0;0.0;0.0;0.0;0.0;0.0;0.0;0.0;0.0;0.0;0.0;0.0;0.0;0.0;0.9;0.9;0.9;0.9;31.5;40.3;0.0;0.0;0.0;0.0;0.0;0.0;0.0;0.0;7458843.0;0.0;0.0;37.1;37.1;37.1;37.1;18.1;21.8;12.4;12.1;0.4;0.9;0.0;0.0;0.0;6.4;6.4;9.6;1.4;0.9;0.9
2015-07-02 14:01:30 EDT;49.18;1.75;0.0;7460000.0;17492.0;8340.0;0.0;0.0;0.0;0.0;0.0;0.0;0.0;0.0;0.0;0.0;0.0;0.0;0.0;0.0;0.0;0.0;0.0;0.0;0.9;0.9;0.9;0.9;31.5;40.3;0.0;0.0;0.0;0.0;0.0;0.0;0.0;0.0;7458843.0;0.0;0.0;37.1;37.1;37.1;37.1;18.1;21.8;12.4;12.1;0.4;0.9;0.0;0.0;0.0;6.4;6.4;9.6;1.4;0.9;0.9
2015-07-02 14:01:45 EDT;49.18;1.75;0.0;7460000.0;17492.0;8340.0;0.0;0.0;0.0;0.0;0.0;0.0;0.0;0.0;0.0;0.0;0.0;0.0;0.0;0.0;0.0;0.0;0.0;0.0;0.9;0.9;0.9;0.9;31.5;40.3;0.0;0.0;0.0;0.0;0.0;0.0;0.0;0.0;7458843.0;0.0;0.0;37.1;37.1;37.1;37.1;18.1;21.8;12.4;12.1;0.4;0.9;0.0;0.0;0.0;6.4;6.4;9.6;1.4;0.9;0.9
2015-07-02 14:02:00 EDT;49.18;1.75;0.0;7460000.0;17492.0;8340.0;0.0;0.0;0.0;0.0;0.0;0.0;0.0;0.0;0.0;0.0;0.0;0.0;0.0;0.0;0.0;0.0;0.0;0.0;0.9;0.9;0.9;0.9;31.5;40.3;0.0;0.0;0.0;0.0;0.0;0.0;0.0;0.0;7458843.0;0.0;0.0;37.1;37.1;37.1;37.1;18.1;21.8;12.4;12.1;0.4;0.9;0.0;0.0;0.0;6.4;6.4;9.6;1.4;0.9;0.9
2015-07-02 14:02:15 EDT;49.18;1.75;0.0;7460000.0;17492.0;8340.0;0.0;0.0;0.0;0.0;0.0;0.0;0.0;0.0;0.0;0.0;0.0;0.0;0.0;0.0;0.0;0.0;0.0;0.0;0.9;0.9;0.9;0.9;31.5;40.246666667;0.0;0.0;0.0;0.0;0.0;0.0;0.0;0.0;7458843.0;0.0;0.0;37.1;37.1;37.1;37.1;18.1;21.8;12.4;12.1;0.4;0.9;0.0;0.0;0.0;6.4;6.4;9.6;1.4;0.9;0.9
2015-07-02 14:02:30 EDT;49.18;1.7926666667;0.0;7460000.0;17492.0;8340.0;0.0;0.0;0.0;0.0;0.0;0.0;0.0;0.0;0.0;0.0;0.0;0.0;0.0;0.0;0.0;0.0;0.0;0.0;0.9;0.9;0.9;0.9;31.5;40.2;0.0;0.0;0.0;0.0;0.0;0.0;0.0;0.0;7458843.0;0.0;0.0;37.1;37.1;37.1;37.1;18.1;21.8;12.4;12.1;0.4;0.9;0.0;0.0;0.0;6.4;6.4;9.6;1.4;0.9;0.9
2015-07-02 14:02:45 EDT;49.18;1.83;0.0;7460000.0;17492.0;8340.0;0.0;0.0;0.0;0.0;0.0;0.0;0.0;0.0;0.0;0.0;0.0;0.0;0.0;0.0;0.0;0.0;0.0;0.0;0.9;0.9;0.9;0.9;31.5;40.2;0.0;0.0;0.0;0.0;0.0;0.0;0.0;0.0;7458843.0;0.0;0.0;37.1;37.1;37.1;37.1;18.1;21.8;12.4;12.1;0.4;0.9;0.0;0.0;0.0;6.4;6.4;9.6;1.4;0.9;0.9
2015-07-02 14:03:00 EDT;49.18;1.83;0.0;7460000.0;17492.0;8340.0;0.0;0.0;0.0;0.0;0.0;0.0;0.0;0.0;0.0;0.0;0.0;0.0;0.0;0.0;0.0;0.0;0.0;0.0;0.9;0.9;0.9;0.9;31.5;40.2;0.0;0.0;0.0;0.0;0.0;0.0;0.0;0.0;7458843.0;0.0;0.0;37.046666667;37.046666667;37.046666667;37.046666667;18.046666667;21.8;12.4;12.1;0.4;0.9;0.0;0.0;0.0;6.4;6.4;9.6;1.4;0.9;0.9
2015-07-02 14:03:15 EDT;49.18;1.83;0.0;7460000.0;17492.0;8340.0;0.0;0.0;0.0;0.0;0.0;0.0;0.0;0.0;0.0;0.0;0.0;0.0;0.0;0.0;0.0;0.0;0.0;0.0;0.9;0.9;0.9;0.9;31.5;40.2;0.0;0.0;0.0;0.0;0.0;0.0;0.0;0.0;7458843.0;0.0;0.0;37.0;37.0;37.0;37.0;18.0;21.8;12.4;12.1;0.4;0.9;0.0;0.0;0.0;6.4;6.4;9.6;1.4;0.9;0.9
2015-07-02 14:03:30 EDT;49.185333333;1.9206666667;0.0;7460000.0;17492.0;8340.0;0.0;0.0;0.0;0.0;0.0;0.0;0.0;0.0;0.0;0.0;0.0;0.0;0.0;0.0;0.0;0.0;0.0;0.0;0.9;0.9;0.9;0.9;31.5;40.2;0.0;0.0;0.0;0.0;0.0;0.0;0.0;0.0;7458843.0;0.0;0.0;37.0;37.0;37.0;37.0;18.0;21.8;12.4;12.1;0.4;0.9;0.0;0.0;0.0;6.4;6.4;9.6;1.4;0.9;0.9
2015-07-02 14:03:45 EDT;49.19;2.0;0.0;7460000.0;17492.0;8340.0;0.0;0.0;0.0;0.0;0.0;0.0;0.0;0.0;0.0;0.0;0.0;0.0;0.0;0.0;0.0;0.0;0.0;0.0;0.9;0.9;0.9;0.9;31.5;40.2;0.0;0.0;0.0;0.0;0.0;0.0;0.0;0.0;7458843.0;0.0;0.0;37.0;37.0;37.0;37.0;18.0;21.8;12.4;12.1;0.4;0.9;0.0;0.0;0.0;6.4;6.4;9.6;1.4;0.9;0.9
2015-07-02 14:04:00 EDT;49.19;2.0;0.0;7460000.0;17492.0;8340.0;0.0;0.0;0.0;0.0;0.0;0.0;0.0;0.0;0.0;0.0;0.0;0.0;0.0;0.0;0.0;0.0;0.0;0.0;0.9;0.9;0.9;0.9;31.5;40.2;0.0;0.0;0.0;0.0;0.0;0.0;0.0;0.0;7458843.0;0.0;0.0;37.0;37.0;37.0;37.0;18.0;21.8;12.4;12.1;0.4;0.9;0.0;0.0;0.0;6.36;6.36;9.56;1.4;0.9;0.9
2015-07-02 14:04:15 EDT;49.19;2.0;0.0;7460000.0;17492.0;8340.0;0.0;0.0;0.0;0.0;0.0;0.0;0.0;0.0;0.0;0.0;0.0;0.0;0.0;0.0;0.0;0.0;0.0;0.0;0.9;0.9;0.9;0.9;31.5;40.2;0.0;0.0;0.0;0.0;0.0;0.0;0.0;0.0;7458843.0;0.0;0.0;37.0;36.96;37.0;37.0;18.0;21.76;12.4;12.1;0.4;0.9;0.0;0.0;0.0;6.3;6.3;9.5;1.4;0.9;0.9
2015-07-02 14:04:30 EDT;49.19;2.0;0.0;7460000.0;17492.0;8340.0;0.0;0.0;0.0;0.0;0.0;0.0;0.0;0.0;0.0;0.0;0.0;0.0;0.0;0.0;0.0;0.0;0.0;0.0;0.9;0.9;0.9;0.9;31.46;40.16;0.0;0.0;0.0;0.0;0.0;0.0;0.0;0.0;7458843.0;0.0;0.0;37.0;36.9;37.0;37.0;18.0;21.7;12.4;12.1;0.4;0.9;0.0;0.0;0.0;6.3;6.3;9.5;1.4;0.9;0.9
2015-07-02 14:04:45 EDT;49.19;2.0;0.0;7460000.0;17492.0;8340.0;0.0;0.0;0.0;0.0;0.0;0.0;0.0;0.0;0.0;0.0;0.0;0.0;0.0;0.0;0.0;0.0;0.0;0.0;0.9;0.9;0.9;0.9;31.4;40.1;0.0;0.0;0.0;0.0;0.0;0.0;0.0;0.0;7458843.0;0.0;0.0;37.0;36.9;37.0;37.0;18.0;21.7;12.4;12.1;0.4;0.9;0.0;0.0;0.0;6.3;6.3;9.5;1.4;0.9;0.9
2015-07-02 14:05:00 EDT;49.19;2.0;0.0;7460000.0;17492.0;8340.0;0.0;0.0;0.0;0.0;0.0;0.0;0.0;0.0;0.0;0.0;0.0;0.0;0.0;0.0;0.0;0.0;0.0;0.0;0.9;0.9;0.9;0.9;31.4;40.1;0.0;0.0;0.0;0.0;0.0;0.0;0.0;0.0;7458843.0;0.0;0.0;37.0;36.9;37.0;37.0;18.0;21.7;12.4;12.1;0.4;0.9;0.0;0.0;0.0;6.3;6.3;9.5;1.4;0.9;0.9
2015-07-02 14:05:15 EDT;49.19;2.0;0.0;7460000.0;17492.0;8340.0;0.0;0.0;0.0;0.0;0.0;0.0;0.0;0.0;0.0;0.0;0.0;0.0;0.0;0.0;0.0;0.0;0.0;0.0;0.9;0.9;0.9;0.9;31.4;40.1;0.0;0.0;0.0;0.0;0.0;0.0;0.0;0.0;7458843.0;0.0;0.0;36.96;36.9;36.96;36.96;18.0;21.7;12.4;12.06;0.4;0.9;0.0;0.0;0.0;6.3;6.3;9.5;1.4;0.9;0.9
2015-07-02 14:05:30 EDT;49.19;2.0;0.0;7460000.0;17492.0;8340.0;0.0;0.0;0.0;0.0;0.0;0.0;0.0;0.0;0.0;0.0;0.0;0.0;0.0;0.0;0.0;0.0;0.0;0.0;0.9;0.9;0.9;0.9;31.4;40.1;0.0;0.0;0.0;0.0;0.0;0.0;0.0;0.0;7458843.0;0.0;0.0;36.9;36.9;36.9;36.9;18.0;21.7;12.4;12.0;0.4;0.9;0.0;0.0;0.0;6.3;6.3;9.5;1.4;0.9;0.9
2015-07-02 14:05:45 EDT;49.19;1.968;0.0;7460000.0;17492.0;8340.0;0.0;0.0;0.0;0.0;0.0;0.0;0.0;0.0;0.0;0.0;0.0;0.0;0.0;0.0;0.0;0.0;0.0;0.0;0.9;0.9;0.9;0.9;31.4;40.1;0.0;0.0;0.0;0.0;0.0;0.0;0.0;0.0;7458843.0;0.0;0.0;36.9;36.9;36.9;36.9;18.0;21.7;12.4;12.0;0.4;0.9;0.0;0.0;0.0;6.3;6.3;9.5;1.4;0.9;0.9
2015-07-02 14:06:00 EDT;49.19;1.92;0.0;7460000.0;17492.0;8340.0;0.0;0.0;0.0;0.0;0.0;0.0;0.0;0.0;0.0;0.0;0.0;0.0;0.0;0.0;0.0;0.0;0.0;0.0;0.9;0.9;0.9;0.9;31.4;40.1;0.0;0.0;0.0;0.0;0.0;0.0;0.0;0.0;7458843.0;0.0;0.0;36.9;36.9;36.9;36.9;18.0;21.7;12.4;12.0;0.4;0.9;0.0;0.0;0.0;6.3;6.3;9.5;1.4;0.9;0.9
2015-07-02 14:06:15 EDT;49.19;1.92;0.0;7460000.0;17492.0;8340.0;0.0;0.0;0.0;0.0;0.0;0.0;0.0;0.0;0.0;0.0;0.0;0.0;0.0;0.0;0.0;0.0;0.0;0.0;0.9;0.9;0.9;0.9;31.4;40.1;0.0;0.0;0.0;0.0;0.0;0.0;0.0;0.0;7458843.0;0.0;0.0;36.9;36.9;36.9;36.9;18.0;21.7;12.4;12.0;0.4;0.9;0.0;0.0;0.0;6.3;6.3;9.5;1.4;0.9;0.9
2015-07-02 14:06:30 EDT;49.19;1.92;0.0;7460000.0;17492.0;8340.0;0.0;0.0;0.0;0.0;0.0;0.0;0.0;0.0;0.0;0.0;0.0;0.0;0.0;0.0;0.0;0.0;0.0;0.0;0.9;0.9;0.9;0.9;31.4;40.1;0.0;0.0;0.0;0.0;0.0;0.0;0.0;0.0;7458843.0;0.0;0.0;36.9;36.86;36.86;36.86;18.0;21.7;12.36;12.0;0.4;0.9;0.0;0.0;0.0;6.3;6.3;9.5;1.4;0.9;0.9
2015-07-02 14:06:45 EDT;49.19;1.92;0.0;7460000.0;17492.0;8340.0;0.0;0.0;0.0;0.0;0.0;0.0;0.0;0.0;0.0;0.0;0.0;0.0;0.0;0.0;0.0;0.0;0.0;0.0;0.9;0.9;0.9;0.9;31.36;40.06;0.0;0.0;0.0;0.0;0.0;0.0;0.0;0.0;7458843.0;0.0;0.0;36.9;36.8;36.8;36.8;18.0;21.7;12.3;12.0;0.4;0.9;0.0;0.0;0.0;6.3;6.3;9.5;1.4;0.9;0.9
2015-07-02 14:07:00 EDT;49.19;1.888;0.0;7460000.0;17492.0;8340.0;0.0;0.0;0.0;0.0;0.0;0.0;0.0;0.0;0.0;0.0;0.0;0.0;0.0;0.0;0.0;0.0;0.0;0.0;0.9;0.9;0.9;0.9;31.3;40.0;0.0;0.0;0.0;0.0;0.0;0.0;0.0;0.0;7458843.0;0.0;0.0;36.9;36.8;36.8;36.8;18.0;21.7;12.3;12.0;0.4;0.9;0.0;0.0;0.0;6.3;6.3;9.5;1.4;0.9;0.9
2015-07-02 14:07:15 EDT;49.19;1.84;0.0;7460000.0;17492.0;8340.0;0.0;0.0;0.0;0.0;0.0;0.0;0.0;0.0;0.0;0.0;0.0;0.0;0.0;0.0;0.0;0.0;0.0;0.0;0.9;0.9;0.9;0.9;31.3;40.0;0.0;0.0;0.0;0.0;0.0;0.0;0.0;0.0;7458843.0;0.0;0.0;36.9;36.8;36.8;36.8;18.0;21.7;12.3;12.0;0.4;0.9;0.0;0.0;0.0;6.3;6.3;9.5;1.4;0.9;0.9
2015-07-02 14:07:30 EDT;49.19;1.84;0.0;7460000.0;17492.0;8340.0;0.0;0.0;0.0;0.0;0.0;0.0;0.0;0.0;0.0;0.0;0.0;0.0;0.0;0.0;0.0;0.0;0.0;0.0;0.9;0.9;0.9;0.9;31.3;40.0;0.0;0.0;0.0;0.0;0.0;0.0;0.0;0.0;7458843.0;0.0;0.0;36.9;36.8;36.8;36.8;18.0;21.7;12.3;12.0;0.4;0.9;0.0;0.0;0.0;6.3;6.3;9.5;1.4;0.9;0.9
2015-07-02 14:07:45 EDT;49.19;1.84;0.0;7460000.0;17492.0;8340.0;0.0;0.0;0.0;0.0;0.0;0.0;0.0;0.0;0.0;0.0;0.0;0.0;0.0;0.0;0.0;0.0;0.0;0.0;0.9;0.9;0.9;0.9;31.3;40.0;0.0;0.0;0.0;0.0;0.0;0.0;0.0;0.0;7458843.0;0.0;0.0;36.866666667;36.8;36.8;36.8;17.966666667;21.7;12.3;12.0;0.4;0.9;0.0;0.0;0.0;6.3;6.3;9.5;1.4;0.9;0.9
2015-07-02 14:08:00 EDT;49.19;1.84;0.0;7460000.0;17492.0;8340.0;0.0;0.0;0.0;0.0;0.0;0.0;0.0;0.0;0.0;0.0;0.0;0.0;0.0;0.0;0.0;0.0;0.0;0.0;0.9;0.9;0.9;0.9;31.3;39.966666667;0.0;0.0;0.0;0.0;0.0;0.0;0.0;0.0;7458843.0;0.0;0.0;36.8;36.8;36.8;36.8;17.9;21.7;12.3;12.0;0.4;0.9;0.0;0.0;0.0;6.3;6.3;9.5;1.4;0.9;0.9
2015-07-02 14:08:15 EDT;49.19;1.84;0.0;7460000.0;17492.0;8340.0;0.0;0.0;0.0;0.0;0.0;0.0;0.0;0.0;0.0;0.0;0.0;0.0;0.0;0.0;0.0;0.0;0.0;0.0;0.9;0.9;0.9;0.9;31.3;39.9;0.0;0.0;0.0;0.0;0.0;0.0;0.0;0.0;7458843.0;0.0;0.0;36.8;36.8;36.8;36.8;17.9;21.7;12.3;12.0;0.4;0.9;0.0;0.0;0.0;6.3;6.3;9.5;1.4;0.9;0.9
2015-07-02 14:08:30 EDT;49.19;1.84;0.0;7460000.0;17492.0;8340.0;0.0;0.0;0.0;0.0;0.0;0.0;0.0;0.0;0.0;0.0;0.0;0.0;0.0;0.0;0.0;0.0;0.0;0.0;0.9;0.9;0.9;0.9;31.3;39.9;0.0;0.0;0.0;0.0;0.0;0.0;0.0;0.0;7458843.0;0.0;0.0;36.8;36.8;36.8;36.8;17.9;21.7;12.3;12.0;0.4;0.9;0.0;0.0;0.0;6.3;6.3;9.5;1.4;0.9;0.9
2015-07-02 14:08:45 EDT;49.19;1.84;0.0;7460000.0;17492.0;8340.0;0.0;0.0;0.0;0.0;0.0;0.0;0.0;0.0;0.0;0.0;0.0;0.0;0.0;0.0;0.0;0.0;0.0;0.0;0.9;0.9;0.9;0.9;31.3;39.9;0.0;0.0;0.0;0.0;0.0;0.0;0.0;0.0;7458843.0;0.0;0.0;36.8;36.8;36.8;36.8;17.9;21.7;12.3;12.0;0.4;0.9;0.0;0.0;0.0;6.3;6.3;9.5;1.4;0.9;0.9
2015-07-02 14:09:00 EDT;49.19;1.84;0.0;7460000.0;17492.0;8340.0;0.0;0.0;0.0;0.0;0.0;0.0;0.0;0.0;0.0;0.0;0.0;0.0;0.0;0.0;0.0;0.0;0.0;0.0;0.9;0.9;0.9;0.9;31.3;39.9;0.0;0.0;0.0;0.0;0.0;0.0;0.0;0.0;7458843.0;0.0;0.0;36.76;36.76;36.76;36.76;17.9;21.66;12.3;12.0;0.4;0.9;0.0;0.0;0.0;6.3;6.3;9.5;1.4;0.9;0.9
2015-07-02 14:09:15 EDT;49.19;1.84;0.0;7460000.0;17492.0;8340.0;0.0;0.0;0.0;0.0;0.0;0.0;0.0;0.0;0.0;0.0;0.0;0.0;0.0;0.0;0.0;0.0;0.0;0.0;0.9;0.9;0.9;0.9;31.26;39.9;0.0;0.0;0.0;0.0;0.0;0.0;0.0;0.0;7458843.0;0.0;0.0;36.7;36.7;36.7;36.7;17.9;21.6;12.3;12.0;0.4;0.9;0.0;0.0;0.0;6.3;6.3;9.5;1.4;0.9;0.9
2015-07-02 14:09:30 EDT;49.186;1.94;0.0;7460000.0;17492.0;8340.0;0.0;0.0;0.0;0.0;0.0;0.0;0.0;0.0;0.0;0.0;0.0;0.0;0.0;0.0;0.0;0.0;0.0;0.0;0.9;0.9;0.9;0.9;31.2;39.9;0.0;0.0;0.0;0.0;0.0;0.0;0.0;0.0;7458843.0;0.0;0.0;36.7;36.7;36.7;36.7;17.9;21.6;12.3;12.0;0.4;0.9;0.0;0.0;0.0;6.3;6.3;9.5;1.4;0.9;0.9
2015-07-02 14:09:45 EDT;49.18;2.09;0.0;7460000.0;17492.0;8340.0;0.0;0.0;0.0;0.0;0.0;0.0;0.0;0.0;0.0;0.0;0.0;0.0;0.0;0.0;0.0;0.0;0.0;0.0;0.9;0.9;0.9;0.9;31.2;39.9;0.0;0.0;0.0;0.0;0.0;0.0;0.0;0.0;7458843.0;0.0;0.0;36.7;36.7;36.7;36.7;17.9;21.6;12.3;12.0;0.4;0.9;0.0;0.0;0.0;6.3;6.3;9.5;1.4;0.9;0.9
2015-07-02 14:10:00 EDT;49.18;2.09;0.0;7460000.0;17492.0;8340.0;0.0;0.0;0.0;0.0;0.0;0.0;0.0;0.0;0.0;0.0;0.0;0.0;0.0;0.0;0.0;0.0;0.0;0.0;0.9;0.9;0.9;0.9;31.2;39.9;0.0;0.0;0.0;0.0;0.0;0.0;0.0;0.0;7458843.0;0.0;0.0;36.7;36.7;36.7;36.7;17.9;21.6;12.3;12.0;0.4;0.9;0.0;0.0;0.0;6.3;6.3;9.5;1.4;0.9;0.9
2015-07-02 14:10:15 EDT;49.18;2.09;0.0;7460000.0;17492.0;8340.0;0.0;0.0;0.0;0.0;0.0;0.0;0.0;0.0;0.0;0.0;0.0;0.0;0.0;0.0;0.0;0.0;0.0;0.0;0.9;0.9;0.9;0.9;31.2;39.9;0.0;0.0;0.0;0.0;0.0;0.0;0.0;0.0;7458843.0;0.0;0.0;36.7;36.7;36.7;36.7;17.9;21.6;12.3;12.0;0.4;0.9;0.0;0.0;0.0;6.3;6.3;9.5;1.4;0.9;0.9
2015-07-02 14:10:30 EDT;49.18;2.09;0.0;7460000.0;17492.0;8340.0;0.0;0.0;0.0;0.0;0.0;0.0;0.0;0.0;0.0;0.0;0.0;0.0;0.0;0.0;0.0;0.0;0.0;0.0;0.9;0.9;0.9;0.9;31.2;39.866666667;0.0;0.0;0.0;0.0;0.0;0.0;0.0;0.0;7458843.0;0.0;0.0;36.7;36.7;36.7;36.7;17.9;21.6;12.3;12.0;0.4;0.9;0.0;0.0;0.0;6.3;6.3;9.5;1.4;0.9;0.9
2015-07-02 14:10:45 EDT;49.183333333;2.06;0.0;7460000.0;17492.0;8340.0;0.0;0.0;0.0;0.0;0.0;0.0;0.0;0.0;0.0;0.0;0.0;0.0;0.0;0.0;0.0;0.0;0.0;0.0;0.9;0.9;0.9;0.9;31.2;39.8;0.0;0.0;0.0;0.0;0.0;0.0;0.0;0.0;7458843.0;0.0;0.0;36.7;36.7;36.7;36.7;17.9;21.6;12.3;12.0;0.4;0.9;0.0;0.0;0.0;6.3;6.3;9.5;1.4;0.9;0.9
2015-07-02 14:11:00 EDT;49.19;2.0;0.0;7460000.0;17492.0;8340.0;0.0;0.0;0.0;0.0;0.0;0.0;0.0;0.0;0.0;0.0;0.0;0.0;0.0;0.0;0.0;0.0;0.0;0.0;0.9;0.9;0.9;0.9;31.2;39.8;0.0;0.0;0.0;0.0;0.0;0.0;0.0;0.0;7458843.0;0.0;0.0;36.7;36.7;36.7;36.7;17.9;21.6;12.3;12.0;0.4;0.9;0.0;0.0;0.0;6.3;6.3;9.5;1.4;0.9;0.9
2015-07-02 14:11:15 EDT;49.19;2.0;0.0;7460000.0;17492.0;8340.0;0.0;0.0;0.0;0.0;0.0;0.0;0.0;0.0;0.0;0.0;0.0;0.0;0.0;0.0;0.0;0.0;0.0;0.0;0.9;0.9;0.9;0.9;31.2;39.8;0.0;0.0;0.0;0.0;0.0;0.0;0.0;0.0;7458843.0;0.0;0.0;36.673333333;36.673333333;36.673333333;36.673333333;17.9;21.6;12.3;12.0;0.4;0.9;0.0;0.0;0.0;6.3;6.3;9.5;1.4;0.9;0.9
2015-07-02 14:11:30 EDT;49.19;2.0;0.0;7460000.0;17492.0;8340.0;0.0;0.0;0.0;0.0;0.0;0.0;0.0;0.0;0.0;0.0;0.0;0.0;0.0;0.0;0.0;0.0;0.0;0.0;0.9;0.9;0.9;0.9;31.173333333;39.773333333;0.0;0.0;0.0;0.0;0.0;0.0;0.0;0.0;7458843.0;0.0;0.0;36.6;36.6;36.6;36.6;17.9;21.6;12.3;12.0;0.4;0.9;0.0;0.0;0.0;6.3;6.3;9.5;1.4;0.9;0.9
2015-07-02 14:11:45 EDT;49.187333333;1.9546666667;0.0;7460000.0;17492.0;8340.0;0.0;0.0;0.0;0.0;0.0;0.0;0.0;0.0;0.0;0.0;0.0;0.0;0.0;0.0;0.0;0.0;0.0;0.0;0.9;0.9;0.9;0.9;31.1;39.7;0.0;0.0;0.0;0.0;0.0;0.0;0.0;0.0;7458843.0;0.0;0.0;36.6;36.6;36.6;36.6;17.9;21.6;12.3;12.0;0.4;0.9;0.0;0.0;0.0;6.3;6.3;9.5;1.4;0.9;0.9
2015-07-02 14:12:00 EDT;49.18;1.83;0.0;7460000.0;17492.0;8340.0;0.0;0.0;0.0;0.0;0.0;0.0;0.0;0.0;0.0;0.0;0.0;0.0;0.0;0.0;0.0;0.0;0.0;0.0;0.9;0.9;0.9;0.9;31.1;39.7;0.0;0.0;0.0;0.0;0.0;0.0;0.0;0.0;7458843.0;0.0;0.0;36.6;36.6;36.6;36.6;17.9;21.6;12.3;12.0;0.4;0.9;0.0;0.0;0.0;6.3;6.3;9.5;1.4;0.9;0.9
2015-07-02 14:12:15 EDT;49.18;1.83;0.0;7460000.0;17492.0;8340.0;0.0;0.0;0.0;0.0;0.0;0.0;0.0;0.0;0.0;0.0;0.0;0.0;0.0;0.0;0.0;0.0;0.0;0.0;0.9;0.9;0.9;0.9;31.1;39.7;0.0;0.0;0.0;0.0;0.0;0.0;0.0;0.0;7458843.0;0.0;0.0;36.6;36.6;36.6;36.6;17.88;21.58;12.28;11.98;0.4;0.9;0.0;0.0;0.0;6.3;6.3;9.5;1.4;0.9;0.9
2015-07-02 14:12:30 EDT;49.18;1.83;0.0;7460000.0;17492.0;8340.0;0.0;0.0;0.0;0.0;0.0;0.0;0.0;0.0;0.0;0.0;0.0;0.0;0.0;0.0;0.0;0.0;0.0;0.0;0.9;0.9;0.9;0.9;31.1;39.7;0.0;0.0;0.0;0.0;0.0;0.0;0.0;0.0;7458843.0;0.0;0.0;36.6;36.6;36.6;36.6;17.8;21.5;12.2;11.9;0.4;0.9;0.0;0.0;0.0;6.3;6.3;9.5;1.4;0.9;0.9
2015-07-02 14:12:45 EDT;49.182;1.864;0.0;7460000.0;17492.0;8340.0;0.0;0.0;0.0;0.0;0.0;0.0;0.0;0.0;0.0;0.0;0.0;0.0;0.0;0.0;0.0;0.0;0.0;0.0;0.9;0.9;0.9;0.9;31.1;39.7;0.0;0.0;0.0;0.0;0.0;0.0;0.0;0.0;7458843.0;0.0;0.0;36.6;36.6;36.6;36.6;17.8;21.5;12.2;11.9;0.4;0.9;0.0;0.0;0.0;6.3;6.3;9.5;1.4;0.9;0.9
2015-07-02 14:13:00 EDT;49.19;2.0;0.0;7460000.0;17492.0;8340.0;0.0;0.0;0.0;0.0;0.0;0.0;0.0;0.0;0.0;0.0;0.0;0.0;0.0;0.0;0.0;0.0;0.0;0.0;0.9;0.9;0.9;0.9;31.1;39.7;0.0;0.0;0.0;0.0;0.0;0.0;0.0;0.0;7458843.0;0.0;0.0;36.6;36.6;36.6;36.6;17.8;21.5;12.2;11.9;0.4;0.9;0.0;0.0;0.0;6.3;6.3;9.5;1.4;0.9;0.9
2015-07-02 14:13:15 EDT;49.19;2.0;0.0;7460000.0;17492.0;8340.0;0.0;0.0;0.0;0.0;0.0;0.0;0.0;0.0;0.0;0.0;0.0;0.0;0.0;0.0;0.0;0.0;0.0;0.0;0.9;0.9;0.9;0.9;31.1;39.7;0.0;0.0;0.0;0.0;0.0;0.0;0.0;0.0;7458843.0;0.0;0.0;36.6;36.6;36.6;36.6;17.8;21.5;12.2;11.9;0.4;0.9;0.0;0.0;0.0;6.3;6.3;9.5;1.4;0.9;0.9
2015-07-02 14:13:30 EDT;49.19;2.0;0.0;7460000.0;17492.0;8340.0;0.0;0.0;0.0;0.0;0.0;0.0;0.0;0.0;0.0;0.0;0.0;0.0;0.0;0.0;0.0;0.0;0.0;0.0;0.9;0.9;0.9;0.9;31.1;39.7;0.0;0.0;0.0;0.0;0.0;0.0;0.0;0.0;7458843.0;0.0;0.0;36.6;36.6;36.6;36.6;17.8;21.5;12.2;11.9;0.4;0.9;0.0;0.0;0.0;6.3;6.3;9.4866666667;1.4;0.9;0.9
2015-07-02 14:13:45 EDT;49.19;2.0;0.0;7460000.0;17492.0;8340.0;0.0;0.0;0.0;0.0;0.0;0.0;0.0;0.0;0.0;0.0;0.0;0.0;0.0;0.0;0.0;0.0;0.0;0.0;0.9;0.9;0.9;0.9;31.1;39.7;0.0;0.0;0.0;0.0;0.0;0.0;0.0;0.0;7458843.0;0.0;0.0;36.586666667;36.586666667;36.586666667;36.586666667;17.8;21.5;12.2;11.9;0.4;0.9;0.0;0.0;0.0;6.3;6.3;9.4;1.4;0.9;0.9
2015-07-02 14:14:00 EDT;49.19;2.0;0.0;7460000.0;17492.0;8340.0;0.0;0.0;0.0;0.0;0.0;0.0;0.0;0.0;0.0;0.0;0.0;0.0;0.0;0.0;0.0;0.0;0.0;0.0;0.9;0.9;0.9;0.9;31.086666667;39.686666667;0.0;0.0;0.0;0.0;0.0;0.0;0.0;0.0;7458843.0;0.0;0.0;36.5;36.5;36.5;36.5;17.8;21.5;12.2;11.9;0.4;0.9;0.0;0.0;0.0;6.3;6.3;9.4;1.4;0.9;0.9
2015-07-02 14:14:15 EDT;49.19;1.9893333333;0.0;7460000.0;17492.0;8340.0;0.0;0.0;0.0;0.0;0.0;0.0;0.0;0.0;0.0;0.0;0.0;0.0;0.0;0.0;0.0;0.0;0.0;0.0;0.9;0.9;0.9;0.9;31.0;39.6;0.0;0.0;0.0;0.0;0.0;0.0;0.0;0.0;7458843.0;0.0;0.0;36.5;36.5;36.5;36.5;17.8;21.5;12.2;11.9;0.4;0.9;0.0;0.0;0.0;6.3;6.3;9.4;1.4;0.9;0.9
2015-07-02 14:14:30 EDT;49.19;1.92;0.0;7460000.0;17492.0;8340.0;0.0;0.0;0.0;0.0;0.0;0.0;0.0;0.0;0.0;0.0;0.0;0.0;0.0;0.0;0.0;0.0;0.0;0.0;0.9;0.9;0.9;0.9;31.0;39.6;0.0;0.0;0.0;0.0;0.0;0.0;0.0;0.0;7458843.0;0.0;0.0;36.5;36.5;36.5;36.5;17.8;21.5;12.2;11.9;0.4;0.9;0.0;0.0;0.0;6.3;6.3;9.4;1.4;0.9;0.9
2015-07-02 14:14:45 EDT;49.19;1.92;0.0;7460000.0;17492.0;8340.0;0.0;0.0;0.0;0.0;0.0;0.0;0.0;0.0;0.0;0.0;0.0;0.0;0.0;0.0;0.0;0.0;0.0;0.0;0.9;0.9;0.9;0.9;31.0;39.6;0.0;0.0;0.0;0.0;0.0;0.0;0.0;0.0;7458843.0;0.0;0.0;36.5;36.486666667;36.5;36.5;17.8;21.5;12.2;11.9;0.4;0.9;0.0;0.0;0.0;6.3;6.3;9.4;1.4;0.9;0.9
2015-07-02 14:15:00 EDT;49.19;1.92;0.0;7460000.0;17492.0;8340.0;0.0;0.0;0.0;0.0;0.0;0.0;0.0;0.0;0.0;0.0;0.0;0.0;0.0;0.0;0.0;0.0;0.0;0.0;0.9;0.9;0.9;0.9;31.0;39.6;0.0;0.0;0.0;0.0;0.0;0.0;0.0;0.0;7458843.0;0.0;0.0;36.5;36.4;36.5;36.5;17.8;21.5;12.2;11.9;0.4;0.9;0.0;0.0;0.0;6.3;6.3;9.4;1.4;0.9;0.9
2015-07-02 14:15:15 EDT;49.188666667;1.92;0.0;7460000.0;17492.0;8340.0;0.0;0.0;0.0;0.0;0.0;0.0;0.0;0.0;0.0;0.0;0.0;0.0;0.0;0.0;0.0;0.0;0.0;0.0;0.9;0.9;0.9;0.9;31.0;39.6;0.0;0.0;0.0;0.0;0.0;0.0;0.0;0.0;7458843.0;0.0;0.0;36.5;36.4;36.5;36.5;17.8;21.5;12.2;11.9;0.4;0.9;0.0;0.0;0.0;6.3;6.3;9.4;1.4;0.9;0.9
2015-07-02 14:15:30 EDT;49.18;1.92;0.0;7460000.0;17492.0;8340.0;0.0;0.0;0.0;0.0;0.0;0.0;0.0;0.0;0.0;0.0;0.0;0.0;0.0;0.0;0.0;0.0;0.0;0.0;0.9;0.9;0.9;0.9;31.0;39.6;0.0;0.0;0.0;0.0;0.0;0.0;0.0;0.0;7458843.0;0.0;0.0;36.5;36.4;36.5;36.5;17.8;21.5;12.2;11.9;0.4;0.9;0.0;0.0;0.0;6.3;6.3;9.4;1.4;0.9;0.9
2015-07-02 14:15:45 EDT;49.18;1.92;0.0;7460000.0;17492.0;8340.0;0.0;0.0;0.0;0.0;0.0;0.0;0.0;0.0;0.0;0.0;0.0;0.0;0.0;0.0;0.0;0.0;0.0;0.0;0.9;0.9;0.9;0.9;31.0;39.6;0.0;0.0;0.0;0.0;0.0;0.0;0.0;0.0;7458843.0;0.0;0.0;36.493333333;36.4;36.493333333;36.493333333;17.8;21.493333333;12.2;11.9;0.4;0.9;0.0;0.0;0.0;6.3;6.3;9.4;1.4;0.9;0.9
2015-07-02 14:16:00 EDT;49.18;1.92;0.0;7460000.0;17492.0;8340.0;0.0;0.0;0.0;0.0;0.0;0.0;0.0;0.0;0.0;0.0;0.0;0.0;0.0;0.0;0.0;0.0;0.0;0.0;0.9;0.9;0.9;0.9;30.993333333;39.593333333;0.0;0.0;0.0;0.0;0.0;0.0;0.0;0.0;7458843.0;0.0;0.0;36.4;36.4;36.4;36.4;17.8;21.4;12.2;11.9;0.4;0.9;0.0;0.0;0.0;6.3;6.3;9.4;1.4;0.9;0.9
2015-07-02 14:16:15 EDT;49.181333333;1.9253333333;0.0;7460000.0;17492.0;8340.0;0.0;0.0;0.0;0.0;0.0;0.0;0.0;0.0;0.0;0.0;0.0;0.0;0.0;0.0;0.0;0.0;0.0;0.0;0.9;0.9;0.9;0.9;30.9;39.5;0.0;0.0;0.0;0.0;0.0;0.0;0.0;0.0;7458843.0;0.0;0.0;36.4;36.4;36.4;36.4;17.8;21.4;12.2;11.9;0.4;0.9;0.0;0.0;0.0;6.3;6.3;9.4;1.4;0.9;0.9
2015-07-02 14:16:30 EDT;49.2;2.0;0.0;7460000.0;17492.0;8340.0;0.0;0.0;0.0;0.0;0.0;0.0;0.0;0.0;0.0;0.0;0.0;0.0;0.0;0.0;0.0;0.0;0.0;0.0;0.9;0.9;0.9;0.9;30.9;39.5;0.0;0.0;0.0;0.0;0.0;0.0;0.0;0.0;7458843.0;0.0;0.0;36.4;36.4;36.4;36.4;17.8;21.4;12.2;11.9;0.4;0.9;0.0;0.0;0.0;6.3;6.3;9.4;1.4;0.9;0.9
2015-07-02 14:16:45 EDT;49.2;2.0;0.0;7460000.0;17492.0;8340.0;0.0;0.0;0.0;0.0;0.0;0.0;0.0;0.0;0.0;0.0;0.0;0.0;0.0;0.0;0.0;0.0;0.0;0.0;0.9;0.9;0.9;0.9;30.9;39.5;0.0;0.0;0.0;0.0;0.0;0.0;0.0;0.0;7458843.0;0.0;0.0;36.4;36.4;36.4;36.4;17.8;21.4;12.2;11.9;0.4;0.9;0.0;0.0;0.0;6.3;6.3;9.4;1.4;0.9;0.9
2015-07-02 14:17:00 EDT;49.2;2.0;0.0;7460000.0;17492.0;8340.0;0.0;0.0;0.0;0.0;0.0;0.0;0.0;0.0;0.0;0.0;0.0;0.0;0.0;0.0;0.0;0.0;0.0;0.0;0.9;0.9;0.9;0.9;30.9;39.5;0.0;0.0;0.0;0.0;0.0;0.0;0.0;0.0;7458843.0;0.0;0.0;36.4;36.4;36.4;36.4;17.8;21.4;12.2;11.9;0.4;0.9;0.0;0.0;0.0;6.3;6.2;9.4;1.4;0.9;0.9
2015-07-02 14:17:15 EDT;49.2;2.0;0.0;7460000.0;17492.0;8340.0;0.0;0.0;0.0;0.0;0.0;0.0;0.0;0.0;0.0;0.0;0.0;0.0;0.0;0.0;0.0;0.0;0.0;0.0;0.9;0.9;0.9;0.9;30.9;39.5;0.0;0.0;0.0;0.0;0.0;0.0;0.0;0.0;7458843.0;0.0;0.0;36.4;36.3;36.4;36.4;17.7;21.4;12.2;11.9;0.4;0.9;0.0;0.0;0.0;6.3;6.2;9.4;1.4;0.9;0.9
2015-07-02 14:17:30 EDT;49.2;2.0;0.0;7460000.0;17492.0;8340.0;0.0;0.0;0.0;0.0;0.0;0.0;0.0;0.0;0.0;0.0;0.0;0.0;0.0;0.0;0.0;0.0;0.0;0.0;0.9;0.9;0.9;0.9;30.9;39.5;0.0;0.0;0.0;0.0;0.0;0.0;0.0;0.0;7458843.0;0.0;0.0;36.4;36.3;36.4;36.4;17.7;21.4;12.2;11.9;0.4;0.9;0.0;0.0;0.0;6.3;6.2;9.4;1.4;0.9;0.9
2015-07-02 14:17:45 EDT;49.21;1.84;0.0;7460000.0;17492.0;8340.0;0.0;0.0;0.0;0.0;0.0;0.0;0.0;0.0;0.0;0.0;0.0;0.0;0.0;0.0;0.0;0.0;0.0;0.0;0.9;0.9;0.9;0.9;30.9;39.5;0.0;0.0;0.0;0.0;0.0;0.0;0.0;0.0;7458843.0;0.0;0.0;36.4;36.3;36.4;36.4;17.7;21.4;12.2;11.9;0.4;0.9;0.0;0.0;0.0;6.3;6.2;9.4;1.4;0.9;0.9
2015-07-02 14:18:00 EDT;49.21;1.84;0.0;7460000.0;17492.0;8340.0;0.0;0.0;0.0;0.0;0.0;0.0;0.0;0.0;0.0;0.0;0.0;0.0;0.0;0.0;0.0;0.0;0.0;0.0;0.9;0.9;0.9;0.9;30.9;39.5;0.0;0.0;0.0;0.0;0.0;0.0;0.0;0.0;7458843.0;0.0;0.0;36.4;36.3;36.4;36.4;17.7;21.4;12.2;11.9;0.4;0.9;0.0;0.0;0.0;6.3;6.2;9.4;1.4;0.9;0.9
2015-07-02 14:18:15 EDT;49.21;1.84;0.0;7460000.0;17492.0;8340.0;0.0;0.0;0.0;0.0;0.0;0.0;0.0;0.0;0.0;0.0;0.0;0.0;0.0;0.0;0.0;0.0;0.0;0.0;0.9;0.9;0.9;0.9;30.9;39.5;0.0;0.0;0.0;0.0;0.0;0.0;0.0;0.0;7458843.0;0.0;0.0;36.4;36.3;36.4;36.4;17.7;21.4;12.2;11.9;0.4;0.9;0.0;0.0;0.0;6.2;6.2;9.4;1.4;0.9;0.9
2015-07-02 14:18:30 EDT;49.21;1.84;0.0;7460000.0;17492.0;8340.0;0.0;0.0;0.0;0.0;0.0;0.0;0.0;0.0;0.0;0.0;0.0;0.0;0.0;0.0;0.0;0.0;0.0;0.0;0.9;0.9;0.9;0.9;30.9;39.5;0.0;0.0;0.0;0.0;0.0;0.0;0.0;0.0;7458843.0;0.0;0.0;36.3;36.3;36.3;36.3;17.7;21.4;12.2;11.9;0.4;0.9;0.0;0.0;0.0;6.2;6.2;9.4;1.4;0.9;0.9
2015-07-02 14:18:45 EDT;49.21;1.84;0.0;7460000.0;17492.0;8340.0;0.0;0.0;0.0;0.0;0.0;0.0;0.0;0.0;0.0;0.0;0.0;0.0;0.0;0.0;0.0;0.0;0.0;0.0;0.9;0.9;0.9;0.9;30.8;39.4;0.0;0.0;0.0;0.0;0.0;0.0;0.0;0.0;7458843.0;0.0;0.0;36.3;36.3;36.3;36.3;17.7;21.4;12.2;11.9;0.4;0.9;0.0;0.0;0.0;6.2;6.2;9.4;1.4;0.9;0.9
2015-07-02 14:19:00 EDT;49.19;1.75;0.0;7460000.0;17492.0;8340.0;0.0;0.0;0.0;0.0;0.0;0.0;0.0;0.0;0.0;0.0;0.0;0.0;0.0;0.0;0.0;0.0;0.0;0.0;0.9;0.9;0.9;0.9;30.8;39.4;0.0;0.0;0.0;0.0;0.0;0.0;0.0;0.0;7458843.0;0.0;0.0;36.3;36.3;36.3;36.3;17.7;21.4;12.2;11.9;0.4;0.9;0.0;0.0;0.0;6.2;6.2;9.4;1.4;0.9;0.9
2015-07-02 14:19:15 EDT;49.19;1.75;0.0;7460000.0;17492.0;8340.0;0.0;0.0;0.0;0.0;0.0;0.0;0.0;0.0;0.0;0.0;0.0;0.0;0.0;0.0;0.0;0.0;0.0;0.0;0.9;0.9;0.9;0.9;30.8;39.4;0.0;0.0;0.0;0.0;0.0;0.0;0.0;0.0;7458843.0;0.0;0.0;36.3;36.3;36.3;36.3;17.7;21.4;12.2;11.9;0.4;0.9;0.0;0.0;0.0;6.2;6.2;9.4;1.4;0.9;0.9
2015-07-02 14:19:30 EDT;49.19;1.75;0.0;7460000.0;17492.0;8340.0;0.0;0.0;0.0;0.0;0.0;0.0;0.0;0.0;0.0;0.0;0.0;0.0;0.0;0.0;0.0;0.0;0.0;0.0;0.9;0.9;0.9;0.9;30.8;39.4;0.0;0.0;0.0;0.0;0.0;0.0;0.0;0.0;7458843.0;0.0;0.0;36.3;36.2;36.3;36.3;17.7;21.3;12.1;11.8;0.4;0.9;0.0;0.0;0.0;6.2;6.2;9.4;1.4;0.9;0.9
2015-07-02 14:19:45 EDT;49.19;1.75;0.0;7460000.0;17492.0;8340.0;0.0;0.0;0.0;0.0;0.0;0.0;0.0;0.0;0.0;0.0;0.0;0.0;0.0;0.0;0.0;0.0;0.0;0.0;0.9;0.9;0.9;0.9;30.8;39.3;0.0;0.0;0.0;0.0;0.0;0.0;0.0;0.0;7458843.0;0.0;0.0;36.3;36.2;36.3;36.3;17.7;21.3;12.1;11.8;0.4;0.9;0.0;0.0;0.0;6.2;6.2;9.4;1.4;0.9;0.9
2015-07-02 14:20:00 EDT;49.19;2.09;0.0;7460000.0;17492.0;8340.0;0.0;0.0;0.0;0.0;0.0;0.0;0.0;0.0;0.0;0.0;0.0;0.0;0.0;0.0;0.0;0.0;0.0;0.0;0.9;0.9;0.9;0.9;30.8;39.3;0.0;0.0;0.0;0.0;0.0;0.0;0.0;0.0;7458843.0;0.0;0.0;36.3;36.2;36.3;36.3;17.7;21.3;12.1;11.8;0.4;0.9;0.0;0.0;0.0;6.2;6.2;9.4;1.4;0.9;0.9
2015-07-02 14:20:15 EDT;49.19;2.09;0.0;7460000.0;17492.0;8340.0;0.0;0.0;0.0;0.0;0.0;0.0;0.0;0.0;0.0;0.0;0.0;0.0;0.0;0.0;0.0;0.0;0.0;0.0;0.9;0.9;0.9;0.9;30.8;39.3;0.0;0.0;0.0;0.0;0.0;0.0;0.0;0.0;7458843.0;0.0;0.0;36.3;36.2;36.3;36.3;17.7;21.3;12.1;11.8;0.4;0.9;0.0;0.0;0.0;6.2;6.2;9.4;1.4;0.9;0.9
2015-07-02 14:20:30 EDT;49.19;2.09;0.0;7460000.0;17492.0;8340.0;0.0;0.0;0.0;0.0;0.0;0.0;0.0;0.0;0.0;0.0;0.0;0.0;0.0;0.0;0.0;0.0;0.0;0.0;0.9;0.9;0.9;0.9;30.8;39.3;0.0;0.0;0.0;0.0;0.0;0.0;0.0;0.0;7458843.0;0.0;0.0;36.246666667;36.2;36.246666667;36.246666667;17.7;21.3;12.1;11.8;0.4;0.9;0.0;0.0;0.0;6.2;6.2;9.4;1.4;0.9;0.9
2015-07-02 14:20:45 EDT;49.19;2.09;0.0;7460000.0;17492.0;8340.0;0.0;0.0;0.0;0.0;0.0;0.0;0.0;0.0;0.0;0.0;0.0;0.0;0.0;0.0;0.0;0.0;0.0;0.0;0.9;0.9;0.9;0.9;30.8;39.3;0.0;0.0;0.0;0.0;0.0;0.0;0.0;0.0;7458843.0;0.0;0.0;36.246666667;36.2;36.246666667;36.246666667;17.7;21.3;12.1;11.8;0.4;0.9;0.0;0.0;0.0;6.2;6.2;9.4;1.4;0.9;0.9
2015-07-02 14:21:00 EDT;49.195333333;1.9726666667;0.0;7460000.0;17492.0;8340.0;0.0;0.0;0.0;0.0;0.0;0.0;0.0;0.0;0.0;0.0;0.0;0.0;0.0;0.0;0.0;0.0;0.0;0.0;0.9;0.9;0.9;0.9;30.8;39.3;0.0;0.0;0.0;0.0;0.0;0.0;0.0;0.0;7458843.0;0.0;0.0;36.2;36.2;36.2;36.2;17.7;21.3;12.1;11.8;0.4;0.9;0.0;0.0;0.0;6.2;6.2;9.4;1.4;0.9;0.9
2015-07-02 14:21:15 EDT;49.195333333;1.9726666667;0.0;7460000.0;17492.0;8340.0;0.0;0.0;0.0;0.0;0.0;0.0;0.0;0.0;0.0;0.0;0.0;0.0;0.0;0.0;0.0;0.0;0.0;0.0;0.9;0.9;0.9;0.9;30.8;39.3;0.0;0.0;0.0;0.0;0.0;0.0;0.0;0.0;7458843.0;0.0;0.0;36.2;36.2;36.2;36.2;17.7;21.3;12.1;11.8;0.4;0.9;0.0;0.0;0.0;6.2;6.2;9.4;1.4;0.9;0.9
2015-07-02 14:21:30 EDT;49.2;1.87;0.0;7460000.0;17492.0;8340.0;0.0;0.0;0.0;0.0;0.0;0.0;0.0;0.0;0.0;0.0;0.0;0.0;0.0;0.0;0.0;0.0;0.0;0.0;0.9;0.9;0.9;0.9;30.8;39.3;0.0;0.0;0.0;0.0;0.0;0.0;0.0;0.0;7458843.0;0.0;0.0;36.2;36.2;36.2;36.2;17.7;21.3;12.1;11.8;0.4;0.9;0.0;0.0;0.0;6.2;6.2;9.4;1.4;0.9;0.9
2015-07-02 14:21:45 EDT;49.2;1.87;0.0;7460000.0;17492.0;8340.0;0.0;0.0;0.0;0.0;0.0;0.0;0.0;0.0;0.0;0.0;0.0;0.0;0.0;0.0;0.0;0.0;0.0;0.0;0.9;0.9;0.9;0.9;30.8;39.3;0.0;0.0;0.0;0.0;0.0;0.0;0.0;0.0;7458843.0;0.0;0.0;36.2;36.106666667;36.2;36.2;17.606666667;21.3;12.1;11.8;0.4;0.9;0.0;0.0;0.0;6.2;6.2;9.4;1.4;0.9;0.9
2015-07-02 14:22:00 EDT;49.2;1.87;0.0;7460000.0;17492.0;8340.0;0.0;0.0;0.0;0.0;0.0;0.0;0.0;0.0;0.0;0.0;0.0;0.0;0.0;0.0;0.0;0.0;0.0;0.0;0.9;0.9;0.9;0.9;30.706666667;39.206666667;0.0;0.0;0.0;0.0;0.0;0.0;0.0;0.0;7458843.0;0.0;0.0;36.2;36.1;36.2;36.2;17.6;21.3;12.1;11.8;0.4;0.9;0.0;0.0;0.0;6.2;6.2;9.4;1.4;0.9;0.9
2015-07-02 14:22:15 EDT;49.2;1.6833333333;0.0;7460000.0;17492.0;8340.0;0.0;0.0;0.0;0.0;0.0;0.0;0.0;0.0;0.0;0.0;0.0;0.0;0.0;0.0;0.0;0.0;0.0;0.0;0.9;0.9;0.9;0.9;30.7;39.2;0.0;0.0;0.0;0.0;0.0;0.0;0.0;0.0;7458843.0;0.0;0.0;36.2;36.1;36.2;36.2;17.6;21.3;12.1;11.8;0.4;0.9;0.0;0.0;0.0;6.2;6.2;9.4;1.4;0.9;0.9
2015-07-02 14:22:30 EDT;49.2;1.67;0.0;7460000.0;17492.0;8340.0;0.0;0.0;0.0;0.0;0.0;0.0;0.0;0.0;0.0;0.0;0.0;0.0;0.0;0.0;0.0;0.0;0.0;0.0;0.9;0.9;0.9;0.9;30.7;39.2;0.0;0.0;0.0;0.0;0.0;0.0;0.0;0.0;7458843.0;0.0;0.0;36.2;36.1;36.2;36.2;17.6;21.3;12.1;11.8;0.4;0.9;0.0;0.0;0.0;6.2;6.2;9.4;1.4;0.9;0.9
2015-07-02 14:22:45 EDT;49.2;1.67;0.0;7460000.0;17492.0;8340.0;0.0;0.0;0.0;0.0;0.0;0.0;0.0;0.0;0.0;0.0;0.0;0.0;0.0;0.0;0.0;0.0;0.0;0.0;0.9;0.9;0.9;0.9;30.7;39.2;0.0;0.0;0.0;0.0;0.0;0.0;0.0;0.0;7458843.0;0.0;0.0;36.2;36.1;36.2;36.2;17.6;21.3;12.1;11.8;0.4;0.9;0.0;0.0;0.0;6.2;6.2;9.4;1.4;0.9;0.9
2015-07-02 14:23:00 EDT;49.2;1.67;0.0;7460000.0;17492.0;8340.0;0.0;0.0;0.0;0.0;0.0;0.0;0.0;0.0;0.0;0.0;0.0;0.0;0.0;0.0;0.0;0.0;0.0;0.0;0.9;0.9;0.9;0.9;30.7;39.2;0.0;0.0;0.0;0.0;0.0;0.0;0.0;0.0;7458843.0;0.0;0.0;36.2;36.1;36.2;36.2;17.6;21.3;12.1;11.8;0.4;0.9;0.0;0.0;0.0;6.2;6.2;9.3066666667;1.4;0.9;0.9
2015-07-02 14:23:15 EDT;49.2;1.67;0.0;7460000.0;17492.0;8340.0;0.0;0.0;0.0;0.0;0.0;0.0;0.0;0.0;0.0;0.0;0.0;0.0;0.0;0.0;0.0;0.0;0.0;0.0;0.9;0.9;0.9;0.9;30.7;39.2;0.0;0.0;0.0;0.0;0.0;0.364;5.7026666667;0.392;7468928.6;0.0;0.0;36.106666667;36.1;36.106666667;36.106666667;17.6;21.3;12.1;11.8;0.4;0.9;0.0;0.0;0.0;6.2;6.2;9.3;1.4;0.9;0.9
2015-07-02 14:23:30 EDT;49.2;1.67;0.0;7460000.0;17492.0;8340.0;0.0;0.0;0.0;0.0;0.0;0.0;0.0;0.0;0.0;0.0;0.0;0.0;0.0;0.0;0.0;0.0;22148.0;16996.0;0.9;0.9;0.9;0.9;30.7;39.2;0.0;0.0;0.0;0.0;0.0;0.39;6.11;0.42;7469649.0;0.0;0.0;36.1;36.1;36.1;36.1;17.6;21.3;12.1;11.8;0.4;0.9;0.0;0.0;0.0;6.2;6.2;9.3;1.4;0.9;0.9
2015-07-02 14:23:45 EDT;49.069333333;15.53;0.0;7460000.0;17492.0;8328.8;0.0;0.0;0.0;0.0;0.336;0.0;0.0;0.0;0.0;0.0;0.0;0.0;0.0;0.0;0.0;0.0;23730.0;18210.0;0.9;0.9;0.9;0.9;30.7;39.2;0.0;0.0;0.0;0.0;0.0;0.39;6.11;0.42;7469649.0;0.0;0.0;36.1;36.1;36.1;36.1;17.6;21.3;12.1;11.8;0.4;0.9;0.0;0.0;0.0;6.2;6.2;9.3;1.4;0.9;0.9
2015-07-02 14:24:00 EDT;49.06;16.52;0.0;7460000.0;17492.0;8328.0;0.0;0.0;0.0;0.0;0.36;0.0;0.0;0.0;0.0;0.0;0.0;0.0;0.0;0.0;0.0;0.0;23730.0;18210.0;0.9;0.9;0.9;0.9;30.7;39.2;0.0;0.0;0.0;0.0;0.0;0.39;6.11;0.42;7469649.0;0.0;0.0;36.1;36.1;36.1;36.1;17.6;21.3;12.1;11.8;0.4;0.9;0.0;2.8;0.0;6.2;6.2;9.3;1.4;0.9;0.9
2015-07-02 14:24:15 EDT;49.06;16.52;0.0;7460000.0;17492.0;8328.0;0.0;0.0;0.0;0.0;0.36;0.0;0.0;0.0;0.0;0.0;0.0;0.0;0.0;0.0;0.0;0.0;23730.0;18210.0;0.9;0.9;0.9;0.9;30.7;39.2;0.0;0.0;0.0;0.0;0.0;0.32466666667;15.826;0.45733333333;7472533.9333;0.0;0.0;36.193333333;36.193333333;36.193333333;36.193333333;17.6;21.3;12.1;11.8;0.4;0.9;1.8666666667;3.0;0.0;6.2;6.2;9.3;1.4;0.9;0.9
2015-07-02 14:24:30 EDT;49.06;16.52;0.0;7460000.0;17492.0;8328.0;0.0;0.0;0.0;0.0;0.36;62.906666667;9.856;4.2373333333;0.0;0.0;0.0;0.0;0.0;0.0;0.0;0.0;39960.666667;27151.333333;0.9;0.9;0.9;0.9;30.606666667;39.106666667;0.0;0.0;0.0;0.0;0.0;0.32;16.52;0.46;7472740.0;0.0;0.0;36.2;36.2;36.2;36.2;17.6;21.3;12.1;11.8;0.4;0.9;2.0;3.0;0.0;6.2;6.2;9.3;1.4;0.9;0.9
2015-07-02 14:24:45 EDT;49.256;43.493333333;0.0;7469333.3333;17492.0;8344.8;0.0;0.0;0.0;0.0;24.701333333;67.4;10.56;4.54;0.0;0.0;0.0;0.0;0.0;0.0;0.0;0.0;41120.0;27790.0;0.9;0.9;0.9;0.9;30.6;39.1;0.0;0.0;0.0;0.0;0.0;0.32;16.52;0.46;7472740.0;0.0;0.0;36.2;36.2;36.2;36.2;17.6;21.3;12.1;11.8;0.4;0.9;2.0;3.0;0.0;6.2;6.2;9.3;1.4;0.9;0.9
2015-07-02 14:25:00 EDT;49.27;45.42;0.0;7470000.0;17492.0;8346.0;0.0;0.0;0.0;0.0;26.44;67.4;10.56;4.54;0.0;0.0;0.0;0.0;0.0;0.0;0.0;0.0;41120.0;27790.0;0.9;0.9;0.9;0.9;30.6;39.1;0.0;0.0;0.0;0.0;0.0;0.32;16.52;0.46;7472740.0;0.0;0.0;36.2;36.2;36.2;36.2;17.6;21.3;12.1;11.8;0.4;0.9;2.0;17.933333333;9.3333333333;6.2;6.2;9.3933333333;1.4;0.9;0.9
2015-07-02 14:25:15 EDT;49.27;45.42;0.0;7470000.0;17492.0;8346.0;0.0;0.0;0.0;0.0;26.44;67.4;10.56;4.54;0.0;0.0;0.0;0.0;0.0;0.0;0.0;0.0;41120.0;27790.0;0.9;0.9;0.9;0.9;30.6;39.1;0.0;0.0;0.0;0.0;0.0;0.31066666667;18.62;0.46;7484734.2667;0.0;0.0;36.293333333;36.293333333;36.293333333;36.293333333;17.6;21.3;12.1;11.8;0.4;0.9;16.933333333;19.0;10.0;6.2;6.2;9.4;1.4;0.9;0.9
2015-07-02 14:25:30 EDT;49.27;45.42;0.0;7470000.0;17492.0;8346.0;0.0;0.0;0.0;0.0;26.44;78.805333333;30.365333333;32.241333333;0.0;0.0;0.0;0.0;0.0;0.0;0.0;0.0;37769.333333;23450.0;0.9;0.9;0.9;0.9;30.6;39.1;0.0;0.0;0.0;0.0;0.0;0.31;18.77;0.46;7485591.0;0.0;0.0;36.3;36.3;36.3;36.3;17.6;21.3;12.1;11.8;0.4;0.9;18.0;19.0;10.0;6.2;6.2;9.4;1.4;0.9;0.9
2015-07-02 14:25:45 EDT;49.372666667;44.990666667;0.0;7470000.0;17552.666667;8384.2666667;0.0;0.0;0.0;0.0;78.165333333;79.62;31.78;34.22;0.0;0.0;0.0;0.0;0.0;0.0;0.0;0.0;37530.0;23140.0;0.9;0.9;0.9;0.9;30.6;39.1;0.0;0.0;0.0;0.0;0.0;0.31;18.77;0.46;7485591.0;0.0;0.0;36.3;36.3;36.3;36.3;17.6;21.3;12.1;11.8;0.4;0.9;18.0;19.0;10.0;6.2;6.2;9.4;1.4;0.9;0.9
2015-07-02 14:26:00 EDT;49.38;44.96;0.0;7470000.0;17557.0;8387.0;0.0;0.0;0.0;0.0;81.86;79.62;31.78;34.22;0.0;0.0;0.0;0.0;0.0;0.0;0.0;0.0;37530.0;23140.0;0.9;0.9;0.9;0.9;30.6;39.1;0.0;0.0;0.0;0.0;0.0;0.31;18.77;0.46;7485591.0;0.0;0.0;36.3;36.3;36.3;36.3;17.6;21.3;12.1;11.8;0.4;0.9;18.0;34.0;25.0;6.2;6.2;9.5;1.4;0.9;0.9
2015-07-02 14:26:15 EDT;49.38;44.96;0.0;7470000.0;17557.0;8387.0;0.0;0.0;0.0;0.0;81.86;79.62;31.78;34.22;0.0;0.0;0.0;0.0;0.0;0.0;0.0;0.0;37530.0;23140.0;0.9;0.9;0.9;0.9;30.6;39.1;0.0;0.0;0.0;0.0;0.0;0.22;14.08;0.44;7530366.0;0.0;0.0;36.4;36.3;36.4;36.4;17.7;21.3;12.1;11.9;0.4;0.9;36.0;34.0;25.0;6.2;6.2;9.5;1.4;0.9;0.9
2015-07-02 14:26:30 EDT;49.38;44.96;0.0;7470000.0;17557.0;8387.0;0.0;0.0;0.0;0.0;81.86;82.36;71.8;74.86;0.0;0.0;0.0;0.0;0.0;0.0;0.0;0.0;42040.0;25390.0;0.9;0.9;0.9;0.9;30.7;39.1;0.0;0.0;0.0;0.0;0.0;0.22;14.08;0.44;7530366.0;0.0;0.0;36.4;36.3;36.4;36.4;17.7;21.3;12.1;11.9;0.4;0.9;36.0;34.0;25.0;6.2;6.2;9.5;1.4;0.9;0.9
2015-07-02 14:26:45 EDT;49.21;67.16;0.0;7500000.0;17492.0;8343.0;0.0;0.0;0.0;0.0;70.46;82.36;71.8;74.86;0.0;0.0;0.0;0.0;0.0;0.0;0.0;0.0;42040.0;25390.0;0.9;0.9;0.9;0.9;30.7;39.1;0.0;0.0;0.0;0.0;0.0;0.22;14.08;0.44;7530366.0;0.0;0.0;36.4;36.3;36.4;36.4;17.7;21.3;12.1;11.9;0.4;0.9;36.0;33.6;23.933333333;5.8533333333;5.8733333333;8.9533333333;1.3933333333;0.90666666667;0.90666666667
2015-07-02 14:27:00 EDT;49.21;67.16;0.0;7500000.0;17492.0;8343.0;0.0;0.0;0.0;0.0;70.46;82.36;71.8;74.86;0.0;0.0;0.0;0.0;0.0;0.0;0.0;0.0;42040.0;25390.0;0.9;0.9;0.9;0.9;30.7;39.1;0.0;0.0;0.0;0.0;0.0;0.224;13.141333333;0.442;7498987.8;0.0;0.0;33.973333333;33.88;33.973333333;33.973333333;16.52;19.88;11.293333333;11.106666667;0.37333333333;0.84;34.533333333;28.0;9.0;1.0;1.3;1.3;1.3;1.0;1.0
2015-07-02 14:27:15 EDT;49.21;67.16;0.0;7500000.0;17492.0;8343.0;0.0;0.0;0.0;0.0;70.46;76.869333333;67.013333333;69.869333333;0.0;0.0;0.0;0.0;0.0;0.0;0.0;0.0;40916.0;23697.333333;0.84;0.84;0.84;0.84;28.653333333;36.493333333;0.0;0.0;0.0;0.0;0.0;0.28;0.0;0.47;7059693.0;0.0;0.0;0.0;0.0;0.0;0.0;0.0;0.0;0.0;0.0;0.0;0.0;14.0;28.0;9.0;1.0;1.3;1.3;1.3;1.0;1.0
2015-07-02 14:27:30 EDT;49.222666667;66.864666667;0.0;7503333.3333;17492.0;8345.4;0.0;0.0;0.0;0.0;65.762666667;0.0;0.0;0.0;0.0;0.0;0.0;0.0;0.0;0.0;0.0;0.0;25180.0;0.0;0.0;0.0;0.0;0.0;0.0;0.0;0.0;0.0;0.0;0.0;0.0;0.28;0.0;0.47;7059693.0;0.0;0.0;0.0;0.0;0.0;0.0;0.0;0.0;0.0;0.0;0.0;0.0;14.0;28.0;9.0;1.0;1.3;1.3;1.3;1.0;1.0
2015-07-02 14:27:45 EDT;49.4;62.73;0.0;7550000.0;17492.0;8379.0;0.0;0.0;0.0;0.0;0.0;0.0;0.0;0.0;0.0;0.0;0.0;0.0;0.0;0.0;0.0;0.0;25180.0;0.0;0.0;0.0;0.0;0.0;0.0;0.0;0.0;0.0;0.0;0.0;0.0;0.28;0.0;0.47;7059693.0;0.0;0.0;0.0;0.0;0.0;0.0;0.0;0.0;0.0;0.0;0.0;0.0;14.0;28.0;9.0;1.0;1.3;1.3;1.3;1.0;1.0
2015-07-02 14:28:00 EDT;49.4;62.73;0.0;7550000.0;17492.0;8379.0;0.0;0.0;0.0;0.0;0.0;0.0;0.0;0.0;0.0;0.0;0.0;0.0;0.0;0.0;0.0;0.0;25180.0;0.0;0.0;0.0;0.0;0.0;0.0;0.0;0.0;0.0;0.0;0.0;0.0;0.28;0.0;0.47;7059693.0;0.0;0.0;0.0;0.0;0.0;0.0;0.0;0.0;0.0;0.0;0.0;0.0;14.0;26.133333333;8.4;0.98;1.2666666667;1.2666666667;1.26;0.98;0.98
2015-07-02 14:28:15 EDT;49.4;62.73;0.0;7550000.0;17492.0;8379.0;0.0;0.0;0.0;0.0;0.0;0.0;0.0;0.0;0.0;0.0;0.0;0.0;0.0;0.0;0.0;0.0;25180.0;0.0;0.0;0.0;0.0;0.0;0.0;0.0;0.0;0.0;0.0;0.0;0.0;0.26133333333;0.0;0.43866666667;7062283.6;0.0;0.0;0.046666666667;0.046666666667;0.046666666667;0.046666666667;0.08;0.086666666667;0.06;0.046666666667;0.026666666667;0.046666666667;13.066666667;0.0;0.0;0.7;0.8;0.8;0.7;0.7;0.7
2015-07-02 14:28:30 EDT;49.4;62.73;0.0;7550000.0;17492.0;8379.0;0.0;0.0;0.0;0.0;0.0;0.0;0.0;0.0;0.0;0.0;0.0;0.0;0.0;0.0;0.0;0.0;23501.333333;0.0;0.053333333333;0.046666666667;0.053333333333;0.046666666667;0.046666666667;0.046666666667;0.0;0.0;0.0;0.0;0.0;0.0;0.0;0.0;7098552.0;0.0;0.0;0.7;0.7;0.7;0.7;1.2;1.3;0.9;0.7;0.4;0.7;0.0;0.0;0.0;0.7;0.8;0.8;0.7;0.7;0.7
2015-07-02 14:28:45 EDT;49.385333333;58.676;0.0;7519333.3333;17496.333333;8375.2;0.0;0.0;0.0;0.0;0.0;0.0;0.0;0.0;0.0;0.0;0.0;0.0;0.0;0.0;0.0;0.0;0.0;0.0;0.8;0.7;0.8;0.7;0.7;0.7;0.0;0.0;0.0;0.0;0.0;0.0;0.0;0.0;7098552.0;0.0;0.0;0.7;0.7;0.7;0.7;1.2;1.3;0.9;0.7;0.4;0.7;0.0;0.0;0.0;0.7;0.8;0.8;0.7;0.7;0.7
2015-07-02 14:29:00 EDT;49.18;1.92;0.0;7090000.0;17557.0;8322.0;0.0;0.0;0.0;0.0;0.0;0.0;0.0;0.0;0.0;0.0;0.0;0.0;0.0;0.0;0.0;0.0;0.0;0.0;0.8;0.7;0.8;0.7;0.7;0.7;0.0;0.0;0.0;0.0;0.0;0.0;0.0;0.0;7098552.0;0.0;0.0;0.7;0.7;0.7;0.7;1.2;1.3;0.9;0.7;0.4;0.7;0.0;0.0;0.0;0.7;0.8;0.8;0.7;0.7;0.7
2015-07-02 14:29:15 EDT;49.18;1.92;0.0;7090000.0;17557.0;8322.0;0.0;0.0;0.0;0.0;0.0;0.0;0.0;0.0;0.0;0.0;0.0;0.0;0.0;0.0;0.0;0.0;0.0;0.0;0.8;0.7;0.8;0.7;0.7;0.7;0.0;0.0;0.0;0.0;0.0;0.0;0.0;0.0;7098552.0;0.0;0.0;0.7;0.7;0.7;0.7;1.2;1.3;0.9;0.7;0.4;0.7;0.0;0.0;0.0;0.7;0.78666666667;0.8;0.7;0.7;0.7
2015-07-02 14:29:30 EDT;49.18;1.92;0.0;7090000.0;17557.0;8322.0;0.0;0.0;0.0;0.0;0.0;0.0;0.0;0.0;0.0;0.0;0.0;0.0;0.0;0.0;0.0;0.0;0.0;0.0;0.8;0.7;0.8;0.7;0.7;0.7;0.0;0.0;0.0;0.0;0.0;0.0;0.0;0.0;7105016.4;0.0;0.0;0.7;0.7;0.7;0.7;1.2;1.2866666667;0.9;0.7;0.4;0.7;0.0;0.0;0.0;0.7;0.7;0.8;0.7;0.7;0.7
2015-07-02 14:29:45 EDT;49.18;1.92;0.0;7090000.0;17557.0;8322.0;0.0;0.0;0.0;0.0;0.0;0.0;0.0;0.0;0.0;0.0;0.0;0.0;0.0;0.0;0.0;0.0;0.0;0.0;0.78666666667;0.7;0.8;0.7;0.7;0.7;0.0;0.0;0.0;0.0;0.0;0.0;0.0;0.0;7147035.0;0.0;0.0;0.7;0.7;0.7;0.7;1.2;1.2;0.9;0.7;0.4;0.7;0.0;0.0;0.0;0.7;0.7;0.8;0.7;0.7;0.7
2015-07-02 14:30:00 EDT;49.174666667;1.92;0.0;7094000.0;17548.333333;8328.6666667;0.0;0.0;0.0;0.0;0.0;0.0;0.0;0.0;0.0;0.0;0.0;0.0;0.0;0.0;0.0;0.0;0.0;0.0;0.7;0.7;0.8;0.7;0.7;0.7;0.0;0.0;0.0;0.0;0.0;0.0;0.0;0.0;7147035.0;0.0;0.0;0.7;0.7;0.7;0.7;1.2;1.2;0.9;0.7;0.4;0.7;0.0;0.0;0.0;0.7;0.7;0.8;0.7;0.7;0.7
2015-07-02 14:30:15 EDT;49.14;1.92;0.0;7120000.0;17492.0;8372.0;0.0;0.0;0.0;0.0;0.0;0.0;0.0;0.0;0.0;0.0;0.0;0.0;0.0;0.0;0.0;0.0;0.0;0.0;0.7;0.7;0.8;0.7;0.7;0.7;0.0;0.0;0.0;0.0;0.0;0.0;0.0;0.0;7147035.0;0.0;0.0;0.7;0.7;0.7;0.7;1.2;1.2;0.9;0.7;0.4;0.7;0.0;0.0;0.0;0.7;0.7;0.8;0.7;0.7;0.7
2015-07-02 14:30:30 EDT;49.14;1.92;0.0;7120000.0;17492.0;8372.0;0.0;0.0;0.0;0.0;0.0;0.0;0.0;0.0;0.0;0.0;0.0;0.0;0.0;0.0;0.0;0.0;0.0;0.0;0.7;0.7;0.8;0.7;0.7;0.7;0.0;0.0;0.0;0.0;0.0;0.0;0.0;0.0;7147836.8667;0.0;0.0;0.7;0.7;0.7;0.7;1.2133333333;1.2;0.9;0.7;0.4;0.7;0.0;0.0;0.0;0.7;0.7;0.8;0.7;0.7;0.7
2015-07-02 14:30:45 EDT;49.14;1.92;0.0;7120000.0;17492.0;8372.0;0.0;0.0;0.0;0.0;0.0;0.0;0.0;0.0;0.0;0.0;0.0;0.0;0.0;0.0;0.0;0.0;0.0;0.0;0.7;0.7;0.78666666667;0.7;0.7;0.7;0.0;0.0;0.0;0.0;0.0;0.0;0.0;0.0;7153049.0;0.0;0.0;0.7;0.7;0.7;0.7;1.3;1.2;0.9;0.7;0.4;0.7;0.0;0.0;0.0;0.7;0.7;0.8;0.7;0.7;0.7
2015-07-02 14:31:00 EDT;49.152;1.92;0.0;7125333.3333;17501.2;8375.0666667;0.0;0.0;0.0;0.0;0.0;0.0;0.0;0.0;0.0;0.0;0.0;0.0;0.0;0.0;0.0;0.0;0.0;0.0;0.7;0.7;0.7;0.7;0.7;0.7;0.0;0.0;0.0;0.0;0.0;0.0;0.0;0.0;7153049.0;0.0;0.0;0.7;0.7;0.7;0.7;1.3;1.2;0.9;0.7;0.4;0.7;0.0;0.0;0.0;0.7;0.7;0.8;0.7;0.7;0.7
2015-07-02 14:31:15 EDT;49.23;1.92;0.0;7160000.0;17561.0;8395.0;0.0;0.0;0.0;0.0;0.0;0.0;0.0;0.0;0.0;0.0;0.0;0.0;0.0;0.0;0.0;0.0;0.0;0.0;0.7;0.7;0.7;0.7;0.7;0.7;0.0;0.0;0.0;0.0;0.0;0.0;0.0;0.0;7153049.0;0.0;0.0;0.7;0.7;0.7;0.7;1.3;1.2;0.9;0.7;0.4;0.7;0.0;0.0;0.0;0.7;0.7;0.8;0.7;0.7;0.7
2015-07-02 14:31:30 EDT;49.23;1.92;0.0;7160000.0;17561.0;8395.0;0.0;0.0;0.0;0.0;0.0;0.0;0.0;0.0;0.0;0.0;0.0;0.0;0.0;0.0;0.0;0.0;0.0;0.0;0.7;0.7;0.7;0.7;0.7;0.7;0.0;0.0;0.0;0.0;0.0;0.0;0.0;0.0;7153049.0;0.0;0.0;0.7;0.7;0.7;0.7;1.3;1.2;0.9;0.7;0.4;0.7;0.0;0.0;0.0;0.7;0.7;0.8;0.7;0.7;0.7
2015-07-02 14:31:45 EDT;49.23;1.92;0.0;7160000.0;17561.0;8395.0;0.0;0.0;0.0;0.0;0.0;0.0;0.0;0.0;0.0;0.0;0.0;0.0;0.0;0.0;0.0;0.0;0.0;0.0;0.7;0.7;0.7;0.7;0.7;0.7;0.0;0.0;0.0;0.0;0.0;0.0;0.0;0.0;7153049.0;0.0;0.0;0.7;0.7;0.7;0.7;1.3;1.2;0.9;0.7;0.4;0.7;0.0;0.0;0.0;0.7;0.7;0.8;0.7;0.7;0.7
2015-07-02 14:32:00 EDT;49.23;1.92;0.0;7160000.0;17561.0;8395.0;0.0;0.0;0.0;0.0;0.0;0.0;0.0;0.0;0.0;0.0;0.0;0.0;0.0;0.0;0.0;0.0;0.0;0.0;0.7;0.7;0.7;0.7;0.7;0.7;0.0;0.0;0.0;0.0;0.0;0.0;0.0;0.0;7153049.0;0.0;0.0;0.7;0.7;0.7;0.7;1.3;1.2;0.9;0.7;0.4;0.7;0.0;0.0;0.0;0.7;0.7;0.8;0.7;0.7;0.7
2015-07-02 14:32:15 EDT;49.23;1.92;0.0;7160000.0;17561.0;8395.0;0.0;0.0;0.0;0.0;0.0;0.0;0.0;0.0;0.0;0.0;0.0;0.0;0.0;0.0;0.0;0.0;0.0;0.0;0.7;0.7;0.7;0.7;0.7;0.7;0.0;0.0;0.0;0.0;0.0;0.0;0.0;0.0;7182568.0;0.0;0.0;0.7;0.7;0.7;0.7;1.3;1.2;0.9;0.7;0.4;0.7;0.0;0.0;0.0;0.7;0.7;0.8;0.7;0.7;0.7
