Date;Ram;Cpu;NumPsbrBindingRecs;NumPsbrSessionRecs;AllocInMemorySize;UsedInMemorySize;BINDINGTASKQ0;BINDINGTASKQ1;BINDINGTASKQ2;BINDINGTASKQ3;SESSIONTASKQ0;SESSIONTASKQ1;SESSIONTASKQ2;SESSIONTASKQ3;ImsiAnchorKeyRecs;ImsiApnAnchorKeyRecs;MsisdnAlternateKeyRecs;MsisdnApnAlternateKeyRecs;Ipv4AlternateKeyRecs;Ipv4AlternateKeyV2Recs;Ipv6AlternateKeyRecs;Ipv6AlternateKeyV2Recs;IngressStackEventRate;EgressStackEventRate;BindingTaskCpu0;BindingTaskCpu1;BindingTaskCpu2;BindingTaskCpu3;RecordAuditTaskCpu;AuditStackEventTaskCpu;TxSbrAuditSEReqSent;TxSbrAuditSEReqSentRateAvg;TxSbrAuditSEReqSentRatePeak;TxBindingSbrInvokeSisRateAvg;TxBindingSbrInvokeSisRateMax;CATxUserBundlingRatio;CATxProvBundlingRatio;CARxBundlingRatio;SessionRecs;OcSessionRecs;OcClientHostRecs;SessionTaskCpu0;SessionTaskCpu1;SessionTaskCpu2;SessionTaskCpu3;CATcpThread;CARIngressTask;CADirectXferThr;CAREgressTask;ComAgentTimer;ComAgtReTx;AlarmMajor;AlarmMinor;AlarmCrit;SbrSisTaskCpu0;SbrSisTaskCpu1;SbrSisSendRarTaskCpu;SbrSisRspHandleTaskCpu;SbrInvokeSisSenTaskCpu;SbrInvokeSisRspTaskCpu
2015-07-02 09:59:30 EDT;60.74;12.43;8020000.0;0.0;21671.0;10702.0;0.0;0.06;0.0;0.0;0.0;0.0;0.0;0.0;0.0;8017351.0;0.0;8017317.0;0.0;0.0;0.0;8000836.0;7040.0;10490.0;29.3;29.3;29.3;29.3;29.1;16.0;877191.0;0.0;0.0;0.0;0.0;0.84;17.84;0.23;0.0;0.0;0.0;1.0;1.0;1.0;1.0;14.9;19.9;7.8;18.0;0.3;0.8;0.0;0.0;0.0;1.0;1.0;1.0;1.0;1.1;1.0
2015-07-02 09:59:45 EDT;60.74;12.43;8020000.0;0.0;21671.0;10702.0;0.0;0.06;0.0;0.0;0.0;0.0;0.0;0.0;0.0;8017351.0;0.0;8017317.0;0.0;0.0;0.0;8000836.0;7040.0;10490.0;29.233333333;29.3;29.3;29.3;29.1;16.0;881941.0;0.0;0.0;0.0;0.0;0.84666666667;17.853333333;0.23;0.0;0.0;0.0;1.0;1.0;1.0;1.0;14.9;19.9;7.8;18.0;0.3;0.8;0.0;0.0;0.0;1.0;1.0;1.0;1.0;1.1;1.0
2015-07-02 10:00:00 EDT;60.74;12.43;8020000.0;0.0;21671.0;10732.0;0.04;0.06;0.0;0.0;0.0;0.0;0.0;0.0;0.0;8017341.6667;0.0;8017317.0;0.0;0.0;0.0;8000836.0;7026.6666667;10543.333333;29.2;29.3;29.3;29.3;29.1;16.0;884316.0;0.0;0.0;0.0;0.0;0.85;17.86;0.23;0.0;0.0;0.0;1.0;1.0;1.0;1.0;14.9;19.9;7.8;18.0;0.3;0.8;0.0;0.0;0.0;1.0;1.0;1.0;1.0;1.1;1.0
2015-07-02 10:00:15 EDT;60.88;12.09;8020000.0;0.0;21671.0;10747.0;0.06;0.06;0.0;0.0;0.0;0.0;0.0;0.0;0.0;8017337.0;0.0;8017317.0;0.0;0.0;0.0;8000836.0;7020.0;10570.0;29.2;29.3;29.3;29.3;29.1;16.0;884316.0;0.0;0.0;0.0;0.0;0.85;17.86;0.23;0.0;0.0;0.0;1.0;1.0;1.0;1.0;14.9;19.9;7.8;18.0;0.3;0.8;0.0;0.0;0.0;1.0;1.0;1.0;1.0;1.1;1.0
2015-07-02 10:00:30 EDT;60.95;11.92;8020000.0;0.0;21671.0;10747.0;0.06;0.06;0.0;0.0;0.0;0.0;0.0;0.0;0.0;8017337.0;0.0;8017317.0;0.0;0.0;0.0;8000836.0;7020.0;10570.0;29.2;29.3;29.3;29.3;29.1;16.0;884316.0;0.0;0.0;0.0;0.0;0.85;17.86;0.23;0.0;0.0;0.0;1.0;1.0;1.0;1.0;14.9;19.9;7.8;18.0;0.3;0.8;0.0;0.0;0.0;1.0;1.0;1.0;1.0;1.1;1.0
2015-07-02 10:00:45 EDT;60.95;11.92;8020000.0;0.0;21671.0;10747.0;0.06;0.06;0.0;0.0;0.0;0.0;0.0;0.0;0.0;8017337.0;0.0;8017317.0;0.0;0.0;0.0;8000836.0;7020.0;10570.0;29.2;29.233333333;29.233333333;29.233333333;29.1;16.0;772362.0;0.0;-8.0;0.0;0.0;0.85666666667;15.553333333;0.23;0.0;0.0;0.0;1.0;1.0;1.0;1.0;14.9;19.9;7.8;18.0;0.3;0.8;0.0;0.0;0.0;1.0;1.0;1.0;1.0;1.1;1.0
2015-07-02 10:01:00 EDT;60.95;11.92;8020000.0;0.0;21671.0;10718.333333;0.02;0.02;0.0;0.0;0.0;0.0;0.0;0.0;0.0;8017342.3333;0.0;8017317.0;0.0;0.0;0.0;8000836.0;7166.6666667;10563.333333;29.2;29.2;29.2;29.2;29.1;16.0;716385.0;0.0;-12.0;0.0;0.0;0.86;14.4;0.23;0.0;0.0;0.0;1.0;1.0;1.0;1.0;14.9;19.9;7.8;18.0;0.3;0.8;0.0;0.0;0.0;1.0;1.0;1.0;1.0;1.1;1.0
2015-07-02 10:01:15 EDT;60.816666667;12.193333333;8020000.0;0.0;21671.0;10704.0;0.0;0.0;0.0;0.0;0.0;0.0;0.0;0.0;0.0;8017345.0;0.0;8017317.0;0.0;0.0;0.0;8000836.0;7240.0;10560.0;29.2;29.2;29.2;29.2;29.1;16.0;716385.0;0.0;-12.0;0.0;0.0;0.86;14.4;0.23;0.0;0.0;0.0;1.0;1.0;1.0;1.0;14.9;19.9;7.8;18.0;0.3;0.8;0.0;0.0;0.0;1.0;1.0;1.0;1.0;1.1;1.0
2015-07-02 10:01:30 EDT;60.75;12.33;8020000.0;0.0;21671.0;10704.0;0.0;0.0;0.0;0.0;0.0;0.0;0.0;0.0;0.0;8017345.0;0.0;8017317.0;0.0;0.0;0.0;8000836.0;7240.0;10560.0;29.2;29.2;29.2;29.2;29.1;16.0;716385.0;0.0;-12.0;0.0;0.0;0.86;14.4;0.23;0.0;0.0;0.0;1.0;1.0;1.0;1.0;14.9;19.9;7.8;18.0;0.3;0.8;0.0;0.0;0.0;1.0;1.0;1.0;1.0;1.1;1.0
2015-07-02 10:01:45 EDT;60.75;12.33;8020000.0;0.0;21671.0;10704.0;0.0;0.0;0.0;0.0;0.0;0.0;0.0;0.0;0.0;8017345.0;0.0;8017317.0;0.0;0.0;0.0;8000836.0;7240.0;10560.0;29.2;29.2;29.2;29.2;29.1;16.0;716385.0;0.0;-12.0;0.0;0.0;0.86;14.4;0.23;0.0;0.0;0.0;1.0;1.0;1.0;1.0;14.9;19.9;7.8;18.0;0.3;0.8;0.0;0.0;0.0;1.0;1.0;1.0;1.0;1.1;1.0
2015-07-02 10:02:00 EDT;60.75;12.33;8020000.0;0.0;21671.0;10704.0;0.0;0.0;0.0;0.0;0.0;0.0;0.0;0.0;0.0;8017345.0;0.0;8017317.0;0.0;0.0;0.0;8000836.0;7240.0;10560.0;29.2;29.2;29.2;29.2;29.1;16.0;844328.2;0.0;-3.2;0.0;0.0;0.83066666667;17.326;0.23733333333;0.0;0.0;0.0;1.0;1.0;1.0;1.0;14.9;19.9;7.8;18.0;0.3;0.8;0.0;0.0;0.0;1.0;1.0;1.0;1.0;1.1;1.0
2015-07-02 10:02:15 EDT;60.75;12.33;8020000.0;0.0;21663.666667;10715.733333;0.0;0.0;0.0;0.014666666667;0.0;0.0;0.0;0.0;0.0;8017340.6;0.0;8017317.0;0.0;0.0;0.0;8000836.0;7122.6666667;10560.0;29.2;29.2;29.2;29.2;29.1;16.0;890853.0;0.0;0.0;0.0;0.0;0.82;18.39;0.24;0.0;0.0;0.0;1.0;1.0;1.0;1.0;14.9;19.9;7.8;18.0;0.3;0.8;0.0;0.0;0.0;1.0;1.0;1.0;1.0;1.1;1.0
2015-07-02 10:02:30 EDT;60.808666667;13.921333333;8020000.0;0.0;21661.0;10720.0;0.0;0.0;0.0;0.02;0.0;0.0;0.0;0.0;0.0;8017339.0;0.0;8017317.0;0.0;0.0;0.0;8000836.0;7080.0;10560.0;29.2;29.2;29.2;29.2;29.1;16.0;890853.0;0.0;0.0;0.0;0.0;0.82;18.39;0.24;0.0;0.0;0.0;1.0;1.0;1.0;1.0;14.9;19.9;7.8;18.0;0.3;0.8;0.0;0.0;0.0;1.0;1.0;1.0;1.0;1.1;1.0
2015-07-02 10:02:45 EDT;60.83;14.5;8020000.0;0.0;21661.0;10720.0;0.0;0.0;0.0;0.02;0.0;0.0;0.0;0.0;0.0;8017339.0;0.0;8017317.0;0.0;0.0;0.0;8000836.0;7080.0;10560.0;29.2;29.2;29.2;29.2;29.1;16.0;890853.0;0.0;0.0;0.0;0.0;0.82;18.39;0.24;0.0;0.0;0.0;1.0;1.0;1.0;1.0;14.9;19.9;7.8;18.0;0.3;0.8;0.0;0.0;0.0;1.0;1.0;1.0;1.0;1.1;1.0
2015-07-02 10:03:00 EDT;60.83;14.5;8020000.0;0.0;21661.0;10720.0;0.0;0.0;0.0;0.02;0.0;0.0;0.0;0.0;0.0;8017339.0;0.0;8017317.0;0.0;0.0;0.0;8000836.0;7080.0;10560.0;29.126666667;29.2;29.126666667;29.2;29.1;16.0;887239.13333;0.0;0.0;0.0;0.0;0.842;17.986666667;0.23266666667;0.0;0.0;0.0;1.0;1.0;1.0;1.0;14.9;19.9;7.8;18.0;0.3;0.8;0.0;0.0;0.0;1.0;1.0;1.0;1.0;1.1;1.0
2015-07-02 10:03:15 EDT;60.83;14.5;8020000.0;0.0;21661.0;10705.333333;0.0;0.0;0.058666666667;0.02;0.0;0.0;0.0;0.0;0.0;8017341.9333;0.0;8017317.0;0.0;0.0;0.0;8000836.0;6992.0;10501.333333;29.1;29.2;29.1;29.2;29.1;16.0;885925.0;0.0;0.0;0.0;0.0;0.85;17.84;0.23;0.0;0.0;0.0;1.0;1.0;1.0;1.0;14.9;19.9;7.8;18.0;0.3;0.8;0.0;0.0;0.0;1.0;1.0;1.0;1.0;1.1;1.0
2015-07-02 10:03:30 EDT;60.969333333;14.074666667;8020000.0;0.0;21661.0;10700.0;0.0;0.0;0.08;0.02;0.0;0.0;0.0;0.0;0.0;8017343.0;0.0;8017317.0;0.0;0.0;0.0;8000836.0;6960.0;10480.0;29.1;29.2;29.1;29.2;29.1;16.0;885925.0;0.0;0.0;0.0;0.0;0.85;17.84;0.23;0.0;0.0;0.0;1.0;1.0;1.0;1.0;14.9;19.9;7.8;18.0;0.3;0.8;0.0;0.0;0.0;1.0;1.0;1.0;1.0;1.1;1.0
2015-07-02 10:03:45 EDT;61.02;13.92;8020000.0;0.0;21661.0;10700.0;0.0;0.0;0.08;0.02;0.0;0.0;0.0;0.0;0.0;8017343.0;0.0;8017317.0;0.0;0.0;0.0;8000836.0;6960.0;10480.0;29.1;29.2;29.1;29.2;29.1;16.0;885925.0;0.0;0.0;0.0;0.0;0.85;17.84;0.23;0.0;0.0;0.0;1.0;1.0;1.0;1.0;14.9;19.9;7.8;18.0;0.3;0.8;0.0;0.0;0.0;1.0;1.0;1.0;1.0;1.1;1.0
2015-07-02 10:04:00 EDT;61.02;13.92;8020000.0;0.0;21661.0;10700.0;0.0;0.0;0.08;0.02;0.0;0.0;0.0;0.0;0.0;8017343.0;0.0;8017317.0;0.0;0.0;0.0;8000836.0;6960.0;10480.0;29.1;29.2;29.1;29.2;29.1;16.0;885925.0;0.0;0.0;0.0;0.0;0.85;17.84;0.23;0.0;0.0;0.0;1.0;1.0;1.0;1.0;14.9;19.9;7.8;18.0;0.3;0.8;0.0;0.0;0.0;1.0;1.0;1.0;1.0;1.1;1.0
2015-07-02 10:04:15 EDT;61.02;13.92;8020000.0;0.0;21661.0;10700.0;0.0;0.0;0.08;0.02;0.0;0.0;0.0;0.0;0.0;8017343.0;0.0;8017317.0;0.0;0.0;0.0;8000836.0;6960.0;10480.0;29.1;29.126666667;29.1;29.126666667;29.1;16.0;889838.06667;0.0;46.2;0.0;0.0;0.85;17.854666667;0.23;0.0;0.0;0.0;1.0;1.0;1.0;1.0;14.9;19.9;7.8;18.0;0.3;0.8;0.0;0.0;0.0;1.0;1.0;1.0;1.0;1.1;1.0
2015-07-02 10:04:30 EDT;61.02;13.92;8020000.0;0.0;21661.0;10733.0;0.0;0.0;0.021333333333;0.02;0.0;0.0;0.0;0.0;0.0;8017343.7333;0.0;8017317.0;0.0;0.0;0.0;8000836.0;7018.6666667;10516.666667;29.1;29.1;29.1;29.1;29.1;16.0;891261.0;0.0;63.0;0.0;0.0;0.85;17.86;0.23;0.0;0.0;0.0;1.0;1.0;1.0;1.0;14.9;19.9;7.8;18.0;0.3;0.8;0.0;0.0;0.0;1.0;1.0;1.0;1.0;1.1;1.0
2015-07-02 10:04:45 EDT;60.976;13.92;8020000.0;0.0;21661.0;10745.0;0.0;0.0;0.0;0.02;0.0;0.0;0.0;0.0;0.0;8017344.0;0.0;8017317.0;0.0;0.0;0.0;8000836.0;7040.0;10530.0;29.1;29.1;29.1;29.1;29.1;16.0;891261.0;0.0;63.0;0.0;0.0;0.85;17.86;0.23;0.0;0.0;0.0;1.0;1.0;1.0;1.0;14.9;19.9;7.8;18.0;0.3;0.8;0.0;0.0;0.0;1.0;1.0;1.0;1.0;1.1;1.0
2015-07-02 10:05:00 EDT;60.96;13.92;8020000.0;0.0;21661.0;10745.0;0.0;0.0;0.0;0.02;0.0;0.0;0.0;0.0;0.0;8017344.0;0.0;8017317.0;0.0;0.0;0.0;8000836.0;7040.0;10530.0;29.1;29.1;29.1;29.1;29.1;16.0;891261.0;0.0;63.0;0.0;0.0;0.85;17.86;0.23;0.0;0.0;0.0;1.0;1.0;1.0;1.0;14.826666667;19.9;7.8;18.0;0.3;0.8;0.0;0.0;0.0;1.0;1.0;1.0;1.0;1.1;1.0
2015-07-02 10:05:15 EDT;60.96;13.92;8020000.0;0.0;21661.0;10745.0;0.0;0.0;0.0;0.02;0.0;0.0;0.0;0.0;0.0;8017344.0;0.0;8017317.0;0.0;0.0;0.0;8000836.0;7040.0;10530.0;29.1;29.1;29.1;29.1;29.173333333;15.926666667;888815.33333;0.0;16.8;0.0;0.0;0.85;17.867333333;0.23;0.0;0.0;0.0;1.0;1.0;1.0;1.0;14.8;19.9;7.8;18.0;0.3;0.8;0.0;0.0;0.0;1.0;1.0;1.0;1.0;1.1;1.0
2015-07-02 10:05:30 EDT;60.96;13.92;8020000.0;0.0;21661.0;10731.066667;0.0;0.0;0.0;0.0053333333333;0.0;0.0;0.0;0.0;0.0;8017347.6667;0.0;8017317.0;0.0;0.0;0.0;8000836.0;7318.6666667;11952.666667;29.1;29.1;29.1;29.1;29.2;15.9;887926.0;0.0;0.0;0.0;0.0;0.85;17.87;0.23;0.0;0.0;0.0;1.0;1.0;1.0;1.0;14.8;19.9;7.8;18.0;0.3;0.8;0.0;0.0;0.0;1.0;1.0;1.0;1.0;1.1;1.0
2015-07-02 10:05:45 EDT;60.872;13.868666667;8020000.0;0.0;21661.0;10726.0;0.0;0.0;0.0;0.0;0.0;0.0;0.0;0.0;0.0;8017349.0;0.0;8017317.0;0.0;0.0;0.0;8000836.0;7420.0;12470.0;29.1;29.1;29.1;29.1;29.2;15.9;887926.0;0.0;0.0;0.0;0.0;0.85;17.87;0.23;0.0;0.0;0.0;1.0;1.0;1.0;1.0;14.8;19.9;7.8;18.0;0.3;0.8;0.0;0.0;0.0;1.0;1.0;1.0;1.0;1.1;1.0
2015-07-02 10:06:00 EDT;60.84;13.85;8020000.0;0.0;21661.0;10726.0;0.0;0.0;0.0;0.0;0.0;0.0;0.0;0.0;0.0;8017349.0;0.0;8017317.0;0.0;0.0;0.0;8000836.0;7420.0;12470.0;29.1;29.1;29.1;29.1;29.2;15.9;887926.0;0.0;0.0;0.0;0.0;0.85;17.87;0.23;0.0;0.0;0.0;1.0;1.0;1.0;1.0;14.8;19.9;7.8;18.0;0.3;0.8;0.0;0.0;0.0;1.0;1.0;1.0;1.0;1.1;1.0
2015-07-02 10:06:15 EDT;60.84;13.85;8020000.0;0.0;21661.0;10726.0;0.0;0.0;0.0;0.0;0.0;0.0;0.0;0.0;0.0;8017349.0;0.0;8017317.0;0.0;0.0;0.0;8000836.0;7420.0;12470.0;29.1;29.1;29.1;29.1;29.2;15.9;887926.0;0.0;0.0;0.0;0.0;0.85;17.87;0.23;0.0;0.0;0.0;1.0;1.0;1.0;1.0;14.8;19.9;7.8;18.0;0.3;0.8;0.0;0.0;0.0;1.0;1.0;1.0;1.0;1.1;1.0
2015-07-02 10:06:30 EDT;60.84;13.85;8020000.0;0.0;21661.0;10726.0;0.0;0.0;0.0;0.0;0.0;0.0;0.0;0.0;0.0;8017349.0;0.0;8017317.0;0.0;0.0;0.0;8000836.0;7420.0;12470.0;29.026666667;29.026666667;29.026666667;29.1;29.2;15.9;889261.4;0.0;28.6;0.0;0.0;0.85;17.87;0.23;0.0;0.0;0.0;1.0;1.0;1.0;1.0;14.8;19.9;7.8;18.0;0.3;0.8;0.0;0.0;0.0;1.0;1.0;1.0;1.0;1.1;1.0
2015-07-02 10:06:45 EDT;60.84;13.85;8020000.0;0.0;21661.0;10712.8;0.0;0.0;0.0;0.0;0.0;0.0;0.0;0.0;0.0;8017365.8667;0.0;8017317.0;0.0;0.0;0.0;8000836.0;7068.0;11018.0;29.0;29.0;29.0;29.1;29.2;15.9;889747.0;0.0;39.0;0.0;0.0;0.85;17.87;0.23;0.0;0.0;0.0;1.0;1.0;1.0;1.0;14.8;19.9;7.8;18.0;0.3;0.8;0.0;0.0;0.0;1.0;1.0;1.0;1.0;1.1;1.0
2015-07-02 10:07:00 EDT;60.781333333;13.608;8020000.0;0.0;21661.0;10708.0;0.0;0.0;0.0;0.0;0.0;0.0;0.0;0.0;0.0;8017372.0;0.0;8017317.0;0.0;0.0;0.0;8000836.0;6940.0;10490.0;29.0;29.0;29.0;29.1;29.2;15.9;889747.0;0.0;39.0;0.0;0.0;0.85;17.87;0.23;0.0;0.0;0.0;1.0;1.0;1.0;1.0;14.8;19.9;7.8;18.0;0.3;0.8;0.0;0.0;0.0;1.0;1.0;1.0;1.0;1.1;1.0
2015-07-02 10:07:15 EDT;60.76;13.52;8020000.0;0.0;21661.0;10708.0;0.0;0.0;0.0;0.0;0.0;0.0;0.0;0.0;0.0;8017372.0;0.0;8017317.0;0.0;0.0;0.0;8000836.0;6940.0;10490.0;29.0;29.0;29.0;29.1;29.2;15.9;889747.0;0.0;39.0;0.0;0.0;0.85;17.87;0.23;0.0;0.0;0.0;1.0;1.0;1.0;1.0;14.8;19.84;7.8;18.0;0.3;0.8;0.0;0.0;0.0;1.0;1.0;1.0;1.0;1.1;1.0
2015-07-02 10:07:30 EDT;60.76;13.52;8020000.0;0.0;21661.0;10708.0;0.0;0.0;0.0;0.0;0.0;0.0;0.0;0.0;0.0;8017372.0;0.0;8017317.0;0.0;0.0;0.0;8000836.0;6940.0;10490.0;29.0;29.0;29.0;29.04;29.2;15.9;890248.6;0.0;18.6;0.0;0.0;0.85;17.87;0.23;0.0;0.0;0.0;1.0;1.0;1.0;1.0;14.8;19.8;7.8;18.0;0.3;0.8;0.0;0.0;0.0;1.0;1.0;1.0;1.0;1.1;1.0
2015-07-02 10:07:45 EDT;60.76;13.52;8020000.0;0.0;21661.0;10697.8;0.0;0.0;0.072;0.024;0.0;0.0;0.0;0.0;0.0;8017352.2;0.0;8017317.0;0.0;0.0;0.0;8000836.0;7156.0;10502.0;29.0;29.0;29.0;29.0;29.2;15.9;890583.0;0.0;5.0;0.0;0.0;0.85;17.87;0.23;0.0;0.0;0.0;1.0;1.0;1.0;1.0;14.8;19.8;7.8;18.0;0.3;0.8;0.0;0.0;0.0;1.0;1.0;1.0;1.0;1.1;1.0
2015-07-02 10:08:00 EDT;60.91;13.358;8020000.0;0.0;21661.0;10691.0;0.0;0.0;0.12;0.04;0.0;0.0;0.0;0.0;0.0;8017339.0;0.0;8017317.0;0.0;0.0;0.0;8000836.0;7300.0;10510.0;29.0;29.0;29.0;29.0;29.2;15.9;890583.0;0.0;5.0;0.0;0.0;0.85;17.87;0.23;0.0;0.0;0.0;1.0;1.0;1.0;1.0;14.8;19.8;7.8;18.0;0.3;0.8;0.0;0.0;0.0;1.0;1.0;1.0;1.0;1.1;1.0
2015-07-02 10:08:15 EDT;61.01;13.25;8020000.0;0.0;21661.0;10691.0;0.0;0.0;0.12;0.04;0.0;0.0;0.0;0.0;0.0;8017339.0;0.0;8017317.0;0.0;0.0;0.0;8000836.0;7300.0;10510.0;29.0;29.0;29.0;29.0;29.2;15.9;890583.0;0.0;5.0;0.0;0.0;0.85;17.87;0.23;0.0;0.0;0.0;1.0;1.0;1.0;1.0;14.8;19.8;7.8;18.0;0.3;0.8;0.0;0.0;0.0;1.0;1.0;1.0;1.0;1.1;1.0
2015-07-02 10:08:30 EDT;61.01;13.25;8020000.0;0.0;21661.0;10691.0;0.0;0.0;0.12;0.04;0.0;0.0;0.0;0.0;0.0;8017339.0;0.0;8017317.0;0.0;0.0;0.0;8000836.0;7300.0;10510.0;28.94;29.0;29.0;29.0;29.2;15.9;888707.4;0.0;2.0;0.0;0.0;0.85;17.864;0.23;0.0;0.0;0.0;1.0;1.0;1.0;1.0;14.8;19.8;7.8;18.0;0.3;0.8;0.0;0.0;0.0;1.0;1.0;1.0;1.0;1.1;1.0
2015-07-02 10:08:45 EDT;61.01;13.25;8020000.0;0.0;21661.0;10717.4;0.048;0.048;0.048;0.016;0.0;0.0;0.0;0.0;0.0;8017346.2;0.0;8017317.0;0.0;0.0;0.0;8000836.0;7180.0;10504.0;28.9;29.0;29.0;29.0;29.2;15.9;887457.0;0.0;0.0;0.0;0.0;0.85;17.86;0.23;0.0;0.0;0.0;1.0;1.0;1.0;1.0;14.8;19.8;7.8;18.0;0.3;0.8;0.0;0.0;0.0;1.0;1.0;1.0;1.0;1.1;1.0
2015-07-02 10:09:00 EDT;60.95;13.892;8020000.0;0.0;21661.0;10735.0;0.08;0.08;0.0;0.0;0.0;0.0;0.0;0.0;0.0;8017351.0;0.0;8017317.0;0.0;0.0;0.0;8000836.0;7100.0;10500.0;28.9;29.0;29.0;29.0;29.2;15.9;887457.0;0.0;0.0;0.0;0.0;0.85;17.86;0.23;0.0;0.0;0.0;1.0;1.0;1.0;1.0;14.8;19.8;7.8;18.0;0.3;0.8;0.0;0.0;0.0;1.0;1.0;1.0;1.0;1.1;1.0
2015-07-02 10:09:15 EDT;60.91;14.32;8020000.0;0.0;21661.0;10735.0;0.08;0.08;0.0;0.0;0.0;0.0;0.0;0.0;0.0;8017351.0;0.0;8017317.0;0.0;0.0;0.0;8000836.0;7100.0;10500.0;28.9;29.0;29.0;29.0;29.2;15.9;887457.0;0.0;0.0;0.0;0.0;0.85;17.86;0.23;0.0;0.0;0.0;1.0;1.0;1.0;1.0;14.8;19.8;7.8;18.0;0.3;0.8;0.0;0.0;0.0;1.0;1.0;1.0;1.0;1.1;1.0
2015-07-02 10:09:30 EDT;60.91;14.32;8020000.0;0.0;21661.0;10735.0;0.08;0.08;0.0;0.0;0.0;0.0;0.0;0.0;0.0;8017351.0;0.0;8017317.0;0.0;0.0;0.0;8000836.0;7100.0;10500.0;28.9;29.0;29.0;29.0;29.2;15.9;887457.0;0.0;0.0;0.0;0.0;0.85;17.86;0.23;0.0;0.0;0.0;1.0;1.0;1.0;1.0;14.8;19.8;7.8;18.0;0.3;0.8;0.0;0.0;0.0;1.0;1.0;1.0;1.0;1.1;1.0
2015-07-02 10:09:45 EDT;60.91;14.32;8020000.0;0.0;21661.0;10735.0;0.08;0.08;0.0;0.0;0.0;0.0;0.0;0.0;0.0;8017351.0;0.0;8017317.0;0.0;0.0;0.0;8000836.0;7100.0;10500.0;28.9;28.926666667;28.926666667;29.0;29.273333333;15.9;886357.73333;0.0;0.0;0.0;0.0;0.85;17.852666667;0.23;0.0;0.0;0.0;1.0;1.0;1.0;1.0;14.8;19.8;7.8;18.0;0.3;0.8;0.0;0.0;0.0;1.0;1.0;1.0;1.0;1.1;1.0
2015-07-02 10:10:00 EDT;60.91;14.32;8020000.0;0.0;21661.0;10721.066667;0.036;0.021333333333;0.014666666667;0.0;0.0;0.0;0.0;0.0;0.0;8017333.4;0.0;8017317.0;0.0;0.0;0.0;8000836.0;7188.0;10478.0;28.9;28.9;28.9;29.0;29.3;15.9;885958.0;0.0;0.0;0.0;0.0;0.85;17.85;0.23;0.0;0.0;0.0;1.0;1.0;1.0;1.0;14.8;19.8;7.8;18.0;0.3;0.8;0.0;0.0;0.0;1.0;1.0;1.0;1.0;1.1;1.0
2015-07-02 10:10:15 EDT;60.822;13.960666667;8020000.0;0.0;21661.0;10716.0;0.02;0.0;0.02;0.0;0.0;0.0;0.0;0.0;0.0;8017327.0;0.0;8017317.0;0.0;0.0;0.0;8000836.0;7220.0;10470.0;28.9;28.9;28.9;29.0;29.3;15.9;885958.0;0.0;0.0;0.0;0.0;0.85;17.85;0.23;0.0;0.0;0.0;1.0;1.0;1.0;1.0;14.8;19.8;7.8;18.0;0.3;0.8;0.0;0.0;0.0;1.0;1.0;1.0;1.0;1.1;1.0
2015-07-02 10:10:30 EDT;60.79;13.83;8020000.0;0.0;21661.0;10716.0;0.02;0.0;0.02;0.0;0.0;0.0;0.0;0.0;0.0;8017327.0;0.0;8017317.0;0.0;0.0;0.0;8000836.0;7220.0;10470.0;28.9;28.9;28.9;29.0;29.3;15.9;885958.0;0.0;0.0;0.0;0.0;0.85;17.85;0.23;0.0;0.0;0.0;1.0;1.0;1.0;1.0;14.8;19.8;7.8;18.0;0.3;0.8;0.0;0.0;0.0;1.0;1.0;1.0;1.0;1.1733333333;1.0
2015-07-02 10:10:45 EDT;60.79;13.83;8020000.0;0.0;21661.0;10716.0;0.02;0.0;0.02;0.0;0.0;0.0;0.0;0.0;0.0;8017327.0;0.0;8017317.0;0.0;0.0;0.0;8000836.0;7220.0;10470.0;28.9;28.9;28.9;28.926666667;29.3;15.9;236255.46667;0.0;-17663.066667;0.0;-3.6666666667;0.85733333333;18.128666667;0.23;0.0;0.0;0.0;1.0;1.0;1.0;1.0;14.8;19.8;7.8;18.0;0.3;0.8;0.0;0.0;0.0;1.0;1.0;1.0;1.0;1.2;1.0
2015-07-02 10:11:00 EDT;60.79;13.83;8020000.0;0.0;21661.0;10704.266667;0.064;0.0;0.0053333333333;0.0;0.0;0.0;0.0;0.0;0.0;8017342.4;0.0;8017317.0;0.0;0.0;0.0;8000836.0;7308.0;10873.333333;28.9;28.9;28.9;28.9;29.3;15.9;0.0;0.0;-24086.0;0.0;-5.0;0.86;18.23;0.23;0.0;0.0;0.0;1.0;1.0;1.0;1.0;14.8;19.8;7.8;18.0;0.3;0.8;0.0;0.0;0.0;1.0;1.0;1.0;1.0;1.2;1.0
2015-07-02 10:11:15 EDT;60.746;16.096;8020000.0;0.0;21661.0;10700.0;0.08;0.0;0.0;0.0;0.0;0.0;0.0;0.0;0.0;8017348.0;0.0;8017317.0;0.0;0.0;0.0;8000836.0;7340.0;11020.0;28.9;28.9;28.9;28.9;29.3;15.9;0.0;0.0;-24086.0;0.0;-5.0;0.86;18.23;0.23;0.0;0.0;0.0;1.0;1.0;1.0;1.0;14.8;19.8;7.8;18.0;0.3;0.8;0.0;0.0;0.0;1.0;1.0;1.0;1.0;1.2;1.0
2015-07-02 10:11:30 EDT;60.73;16.92;8020000.0;0.0;21661.0;10700.0;0.08;0.0;0.0;0.0;0.0;0.0;0.0;0.0;0.0;8017348.0;0.0;8017317.0;0.0;0.0;0.0;8000836.0;7340.0;11020.0;28.9;28.9;28.9;28.9;29.3;15.9;0.0;0.0;-24086.0;0.0;-5.0;0.86;18.23;0.23;0.0;0.0;0.0;1.0;1.0;1.0;1.0;14.8;19.8;7.8;18.0;0.3;0.8;0.0;0.0;0.0;1.0;1.0;1.0;1.0;1.2;1.0
2015-07-02 10:11:45 EDT;60.73;16.92;8020000.0;0.0;21661.0;10700.0;0.08;0.0;0.0;0.0;0.0;0.0;0.0;0.0;0.0;8017348.0;0.0;8017317.0;0.0;0.0;0.0;8000836.0;7340.0;11020.0;28.9;28.9;28.9;28.9;29.3;15.9;0.0;0.0;-24086.0;0.0;-5.0;0.86;18.23;0.23;0.0;0.0;0.0;1.0;1.0;1.0;1.0;14.8;19.8;7.7266666667;18.0;0.3;0.8;0.0;0.0;0.0;1.0;1.0;1.0;1.0;1.2;1.0
2015-07-02 10:12:00 EDT;60.73;16.92;8020000.0;0.0;21661.0;10700.0;0.08;0.0;0.0;0.0;0.0;0.0;0.0;0.0;0.0;8017348.0;0.0;8017317.0;0.0;0.0;0.0;8000836.0;7340.0;11020.0;28.826666667;28.9;28.9;28.9;29.373333333;15.9;0.0;0.0;-6422.9333333;0.0;-1.3333333333;0.86;18.237333333;0.23;0.0;0.0;0.0;1.0;1.0;1.0;1.0;14.8;19.8;7.7;18.0;0.3;0.8;0.0;0.0;0.0;1.0;1.0;1.0;1.0;1.2;1.0
2015-07-02 10:12:15 EDT;60.73;16.92;8020000.0;0.0;21661.0;10733.733333;0.036;0.014666666667;0.014666666667;0.0;0.0;0.0;0.0;0.0;0.0;8017334.8;0.0;8017317.0;0.0;0.0;0.0;8000836.0;7274.0;10990.666667;28.8;28.9;28.9;28.9;29.4;15.9;0.0;0.0;0.0;0.0;0.0;0.86;18.24;0.23;0.0;0.0;0.0;1.0;1.0;1.0;1.0;14.8;19.8;7.7;18.0;0.3;0.8;0.0;0.0;0.0;1.0;1.0;1.0;1.0;1.2;1.0
2015-07-02 10:12:30 EDT;60.884;16.993333333;8020000.0;0.0;21661.0;10746.0;0.02;0.02;0.02;0.0;0.0;0.0;0.0;0.0;0.0;8017330.0;0.0;8017317.0;0.0;0.0;0.0;8000836.0;7250.0;10980.0;28.8;28.9;28.9;28.9;29.4;15.9;0.0;0.0;0.0;0.0;0.0;0.86;18.24;0.23;0.0;0.0;0.0;1.0;1.0;1.0;1.0;14.8;19.8;7.7;18.0;0.3;0.8;0.0;0.0;0.0;1.0;1.0;1.0;1.0;1.2;1.0
2015-07-02 10:12:45 EDT;60.94;17.02;8020000.0;0.0;21661.0;10746.0;0.02;0.02;0.02;0.0;0.0;0.0;0.0;0.0;0.0;8017330.0;0.0;8017317.0;0.0;0.0;0.0;8000836.0;7250.0;10980.0;28.8;28.9;28.9;28.9;29.4;15.9;0.0;0.0;0.0;0.0;0.0;0.86;18.24;0.23;0.0;0.0;0.0;1.0;1.0;1.0;1.0;14.8;19.8;7.7;18.0;0.3;0.8;0.0;0.0;0.0;1.0;1.0;1.0;1.0;1.2;1.0
2015-07-02 10:13:00 EDT;60.94;17.02;8020000.0;0.0;21661.0;10746.0;0.02;0.02;0.02;0.0;0.0;0.0;0.0;0.0;0.0;8017330.0;0.0;8017317.0;0.0;0.0;0.0;8000836.0;7250.0;10980.0;28.8;28.9;28.9;28.9;29.4;15.9;0.0;0.0;0.0;0.0;0.0;0.86;18.24;0.23;0.0;0.0;0.0;1.0;1.0;1.0;1.0;14.8;19.8;7.7;18.0;0.3;0.8;0.0;0.0;0.0;1.0;1.0;1.0;1.0;1.2;1.0666666667
2015-07-02 10:13:15 EDT;60.94;17.02;8020000.0;0.0;21661.0;10746.0;0.02;0.02;0.02;0.0;0.0;0.0;0.0;0.0;0.0;8017330.0;0.0;8017317.0;0.0;0.0;0.0;8000836.0;7250.0;10980.0;28.8;28.833333333;28.833333333;28.9;29.466666667;15.9;0.0;0.0;0.0;0.0;0.0;0.74;18.393333333;0.30333333333;0.0;0.0;0.0;1.0;1.0;1.0;1.0;14.8;19.8;7.7;18.0;0.3;0.8;0.0;0.0;0.0;1.0;1.0;1.0;1.0;1.2;1.1
2015-07-02 10:13:30 EDT;60.94;17.02;8020000.0;0.0;21661.0;10742.666667;0.06;0.0066666666667;0.046666666667;0.0;0.0;0.0;0.0;0.0;0.0;8001394.0;0.0;7979584.3333;0.0;0.0;0.0;7969778.0;9070.0;12066.666667;28.8;28.8;28.8;28.9;29.5;15.9;0.0;0.0;0.0;0.0;0.0;0.68;18.47;0.34;0.0;0.0;0.0;1.0;1.0;1.0;1.0;14.8;19.8;7.7;18.0;0.3;0.8;0.0;0.0;0.0;1.0;1.0;1.0;1.0;1.2;1.1
2015-07-02 10:13:45 EDT;60.913333333;19.94;8006666.6667;0.0;21661.0;10741.0;0.08;0.0;0.06;0.0;0.0;0.0;0.0;0.0;0.0;7993426.0;0.0;7960718.0;0.0;0.0;0.0;7954249.0;9980.0;12610.0;28.8;28.8;28.8;28.9;29.5;15.9;0.0;0.0;0.0;0.0;0.0;0.68;18.47;0.34;0.0;0.0;0.0;1.0;1.0;1.0;1.0;14.8;19.8;7.7;18.0;0.3;0.8;0.0;0.0;0.0;1.0;1.0;1.0;1.0;1.2;1.1
2015-07-02 10:14:00 EDT;60.9;21.4;8000000.0;0.0;21661.0;10741.0;0.08;0.0;0.06;0.0;0.0;0.0;0.0;0.0;0.0;7993426.0;0.0;7960718.0;0.0;0.0;0.0;7954249.0;9980.0;12610.0;28.8;28.8;28.8;28.9;29.5;15.9;0.0;0.0;0.0;0.0;0.0;0.68;18.47;0.34;0.0;0.0;0.0;1.0;1.0;1.0;1.0;14.8;19.8;7.7;18.0;0.3;0.8;0.0;0.0;0.0;1.0;1.0;1.0;1.0;1.2733333333;1.1
2015-07-02 10:14:15 EDT;60.9;21.4;8000000.0;0.0;21661.0;10741.0;0.08;0.0;0.06;0.0;0.0;0.0;0.0;0.0;0.0;7993426.0;0.0;7960718.0;0.0;0.0;0.0;7954249.0;9980.0;12610.0;28.8;28.8;28.8;28.826666667;29.5;15.826666667;0.0;0.0;0.0;0.0;0.0;0.71666666667;18.352666667;0.32533333333;0.0;0.0;0.0;1.0;1.0;1.0;1.0;14.8;19.8;7.7;18.0;0.3;0.8;0.0;0.0;0.0;1.0;1.0;1.0;1.0;1.3;1.1
2015-07-02 10:14:30 EDT;60.9;21.4;8000000.0;0.0;21661.0;10723.4;0.021333333333;0.014666666667;0.016;0.0;0.0;0.0;0.0;0.0;0.0;7979834.4;0.0;7906751.2667;0.0;0.0;0.0;7909457.0;16492.0;12426.666667;28.8;28.8;28.8;28.8;29.5;15.8;0.0;0.0;0.0;0.0;0.0;0.73;18.31;0.32;0.0;0.0;0.0;1.0;1.0;1.0;1.0;14.8;19.8;7.7;18.0;0.3;0.8;0.0;0.0;0.0;1.0;1.0;1.0;1.0;1.3;1.1
2015-07-02 10:14:45 EDT;60.826666667;20.512666667;7985333.3333;0.0;21661.0;10717.0;0.0;0.02;0.0;0.0;0.0;0.0;0.0;0.0;0.0;7974892.0;0.0;7887127.0;0.0;0.0;0.0;7893169.0;18860.0;12360.0;28.8;28.8;28.8;28.8;29.5;15.8;0.0;0.0;0.0;0.0;0.0;0.73;18.31;0.32;0.0;0.0;0.0;1.0;1.0;1.0;1.0;14.8;19.8;7.7;18.0;0.3;0.8;0.0;0.0;0.0;1.0;1.0;1.0;1.0;1.3;1.1
2015-07-02 10:15:00 EDT;60.8;20.19;7980000.0;0.0;21661.0;10717.0;0.0;0.02;0.0;0.0;0.0;0.0;0.0;0.0;0.0;7974892.0;0.0;7887127.0;0.0;0.0;0.0;7893169.0;18860.0;12360.0;28.8;28.8;28.8;28.8;29.5;15.8;0.0;0.0;0.0;0.0;0.0;0.73;18.31;0.32;0.0;0.0;0.0;1.0;1.0;1.0;1.0;14.8;19.8;7.7;18.0;0.3;0.8;0.0;0.0;0.0;1.0;1.0;1.0;1.0;1.3;1.1
2015-07-02 10:15:15 EDT;60.8;20.19;7980000.0;0.0;21661.0;10717.0;0.0;0.02;0.0;0.0;0.0;0.0;0.0;0.0;0.0;7974892.0;0.0;7887127.0;0.0;0.0;0.0;7893169.0;18860.0;12360.0;28.8;28.8;28.8;28.8;29.5;15.8;0.0;0.0;0.0;0.0;0.0;0.73;18.31;0.32;0.0;0.0;0.0;1.0;1.0;1.0;1.0;14.8;19.8;7.7;18.0;0.3;0.8;0.0;0.0;0.0;1.0;1.0;1.0;1.0;1.3;1.1
2015-07-02 10:15:30 EDT;60.8;20.19;7980000.0;0.0;21661.0;10717.0;0.0;0.02;0.0;0.0;0.0;0.0;0.0;0.0;0.0;7974892.0;0.0;7887127.0;0.0;0.0;0.0;7893169.0;18860.0;12360.0;28.8;28.8;28.8;28.8;29.58;15.8;0.0;0.0;0.0;0.0;0.0;0.738;25.446;0.32;0.0;0.0;0.0;1.0;1.0;1.0;1.0;14.8;19.8;7.7;18.0;0.3;0.8;0.0;0.0;0.0;1.0;1.0;1.0;1.0;1.3;1.1
2015-07-02 10:15:45 EDT;60.8;20.19;7980000.0;0.0;21661.0;10729.8;0.032;0.052;0.064;0.08;0.0;0.0;0.0;0.0;0.0;7967552.0;0.0;7838456.6;0.0;0.0;0.0;7851297.0;14652.0;12328.0;28.8;28.8;28.8;28.8;29.6;15.8;0.0;0.0;0.0;0.0;0.0;0.74;27.23;0.32;0.0;0.0;0.0;1.0;1.0;1.0;1.0;14.8;19.8;7.7;18.0;0.3;0.8;0.0;0.0;0.0;1.0;1.0;1.0;1.0;1.3;1.1
2015-07-02 10:16:00 EDT;60.856;20.238;7972000.0;0.0;21661.0;10733.0;0.04;0.06;0.08;0.1;0.0;0.0;0.0;0.0;0.0;7965717.0;0.0;7826289.0;0.0;0.0;0.0;7840829.0;13600.0;12320.0;28.8;28.8;28.8;28.8;29.6;15.8;0.0;0.0;0.0;0.0;0.0;0.74;27.23;0.32;0.0;0.0;0.0;1.0;1.0;1.0;1.0;14.8;19.8;7.7;18.0;0.3;0.8;0.0;0.0;0.0;1.0;1.0;1.0;1.0;1.3;1.1
2015-07-02 10:16:15 EDT;60.87;20.25;7970000.0;0.0;21661.0;10733.0;0.04;0.06;0.08;0.1;0.0;0.0;0.0;0.0;0.0;7965717.0;0.0;7826289.0;0.0;0.0;0.0;7840829.0;13600.0;12320.0;28.8;28.8;28.8;28.8;29.6;15.8;0.0;0.0;0.0;0.0;0.0;0.74;27.23;0.32;0.0;0.0;0.0;1.0;1.0;1.0;1.0;14.726666667;19.8;7.7;18.0;0.3;0.8;0.0;0.0;0.0;1.0;1.0;1.0;1.0;1.3;1.1
2015-07-02 10:16:30 EDT;60.87;20.25;7970000.0;0.0;21661.0;10733.0;0.04;0.06;0.08;0.1;0.0;0.0;0.0;0.0;0.0;7965717.0;0.0;7826289.0;0.0;0.0;0.0;7840829.0;13600.0;12320.0;28.8;28.8;28.8;28.8;29.6;15.8;456721.46667;0.0;13245.466667;0.0;0.0;0.762;18.012;0.26133333333;0.0;0.0;0.0;1.0;1.0;1.0;1.0;14.7;19.8;7.7;18.0;0.3;0.8;0.0;0.0;0.0;1.0;1.0;1.0;1.0;1.3;1.1
2015-07-02 10:16:45 EDT;60.87;20.25;7970000.0;0.0;21661.0;10724.933333;0.04;0.016;0.021333333333;0.026666666667;0.0;0.0;0.0;0.0;0.0;7957752.2667;0.0;7814921.6;0.0;0.0;0.0;7787806.8;8972.6666667;11014.666667;28.8;28.8;28.8;28.8;29.6;15.8;622802.0;0.0;18062.0;0.0;0.0;0.77;14.66;0.24;0.0;0.0;0.0;1.0;1.0;1.0;1.0;14.7;19.8;7.7;18.0;0.3;0.8;0.0;0.0;0.0;1.0;1.0;1.0;1.0;1.3;1.1
2015-07-02 10:17:00 EDT;60.840666667;15.725333333;7955333.3333;0.0;21661.0;10722.0;0.04;0.0;0.0;0.0;0.0;0.0;0.0;0.0;0.0;7954856.0;0.0;7810788.0;0.0;0.0;0.0;7768526.0;7290.0;10540.0;28.8;28.8;28.8;28.8;29.6;15.8;622802.0;0.0;18062.0;0.0;0.0;0.77;14.66;0.24;0.0;0.0;0.0;1.0;1.0;1.0;1.0;14.7;19.8;7.7;18.0;0.3;0.8;0.0;0.0;0.0;1.0;1.0;1.0;1.0;1.3;1.1
2015-07-02 10:17:15 EDT;60.83;14.08;7950000.0;0.0;21661.0;10722.0;0.04;0.0;0.0;0.0;0.0;0.0;0.0;0.0;0.0;7954856.0;0.0;7810788.0;0.0;0.0;0.0;7768526.0;7290.0;10540.0;28.8;28.8;28.8;28.8;29.6;15.8;622802.0;0.0;18062.0;0.0;0.0;0.77;14.66;0.24;0.0;0.0;0.0;1.0;1.0;1.0;1.0;14.7;19.8;7.7;18.0;0.3;0.8;0.0;0.0;0.0;1.0;1.0;1.0;1.0;1.3;1.1
2015-07-02 10:17:30 EDT;60.83;14.08;7950000.0;0.0;21661.0;10722.0;0.04;0.0;0.0;0.0;0.0;0.0;0.0;0.0;0.0;7954856.0;0.0;7810788.0;0.0;0.0;0.0;7768526.0;7290.0;10540.0;28.8;28.8;28.8;28.8;29.6;15.8;622802.0;0.0;18062.0;0.0;0.0;0.77;14.66;0.24;0.0;0.0;0.0;1.0;1.0;1.0;1.0;14.7;19.8;7.7;18.0;0.3;0.8;0.0;0.0;0.0;1.0;1.0;1.0;1.0;1.3;1.1
2015-07-02 10:17:45 EDT;60.83;14.08;7950000.0;0.0;21661.0;10722.0;0.04;0.0;0.0;0.0;0.0;0.0;0.0;0.0;0.0;7954856.0;0.0;7810788.0;0.0;0.0;0.0;7768526.0;7290.0;10540.0;28.726666667;28.8;28.726666667;28.8;29.6;15.8;816479.73333;0.0;4816.5333333;0.0;0.0;0.82866666667;17.014;0.23266666667;0.0;0.0;0.0;1.0;1.0;1.0;1.0;14.7;19.8;7.7;18.0;0.3;0.8;0.0;0.0;0.0;1.0;1.0;1.0;1.0;1.3;1.1
2015-07-02 10:18:00 EDT;60.83;14.08;7950000.0;0.0;21661.0;10711.733333;0.010666666667;0.0;0.0;0.0;0.0;0.0;0.0;0.0;0.0;7954860.4;0.0;7810788.0;0.0;0.0;0.0;7768526.0;7268.0;10518.0;28.7;28.8;28.7;28.8;29.6;15.8;886908.0;0.0;0.0;0.0;0.0;0.85;17.87;0.23;0.0;0.0;0.0;1.0;1.0;1.0;1.0;14.7;19.8;7.7;18.0;0.3;0.8;0.0;0.0;0.0;1.0;1.0;1.0;1.0;1.3;1.1
2015-07-02 10:18:15 EDT;60.800666667;14.102;7950000.0;0.0;21661.0;10708.0;0.0;0.0;0.0;0.0;0.0;0.0;0.0;0.0;0.0;7954862.0;0.0;7810788.0;0.0;0.0;0.0;7768526.0;7260.0;10510.0;28.7;28.8;28.7;28.8;29.6;15.8;886908.0;0.0;0.0;0.0;0.0;0.85;17.87;0.23;0.0;0.0;0.0;1.0;1.0;1.0;1.0;14.7;19.8;7.7;18.0;0.3;0.8;0.0;0.0;0.0;1.0;1.0;1.0;1.0;1.3;1.1
2015-07-02 10:18:30 EDT;60.79;14.11;7950000.0;0.0;21661.0;10708.0;0.0;0.0;0.0;0.0;0.0;0.0;0.0;0.0;0.0;7954862.0;0.0;7810788.0;0.0;0.0;0.0;7768526.0;7260.0;10510.0;28.7;28.8;28.7;28.8;29.6;15.8;886908.0;0.0;0.0;0.0;0.0;0.85;17.87;0.23;0.0;0.0;0.0;1.0;1.0;1.0;1.0;14.7;19.8;7.7;18.0;0.3;0.8;0.0;0.0;0.0;1.0;1.0;1.0;1.0;1.3;1.1
2015-07-02 10:18:45 EDT;60.79;14.11;7950000.0;0.0;21661.0;10708.0;0.0;0.0;0.0;0.0;0.0;0.0;0.0;0.0;0.0;7954862.0;0.0;7810788.0;0.0;0.0;0.0;7768526.0;7260.0;10510.0;28.7;28.733333333;28.7;28.733333333;29.666666667;15.8;888623.33333;0.0;0.0;0.0;0.0;0.85;17.883333333;0.23;0.0;0.0;0.0;1.0;1.0;1.0;1.0;14.7;19.8;7.7;18.0;0.3;0.8;0.0;0.0;0.0;1.0;1.0;1.0;1.0;1.3;1.1
2015-07-02 10:19:00 EDT;60.79;14.11;7950000.0;0.0;21661.0;10696.666667;0.04;0.12;0.066666666667;0.0;0.0;0.0;0.0;0.0;0.0;7954872.6667;0.0;7810788.0;0.0;0.0;0.0;7768526.0;6920.0;10530.0;28.7;28.7;28.7;28.7;29.7;15.8;889481.0;0.0;0.0;0.0;0.0;0.85;17.89;0.23;0.0;0.0;0.0;1.0;1.0;1.0;1.0;14.7;19.8;7.7;18.0;0.3;0.8;0.0;0.0;0.0;1.0;1.0;1.0;1.0;1.3;1.1
2015-07-02 10:19:15 EDT;60.923333333;13.923333333;7950000.0;0.0;21661.0;10691.0;0.06;0.18;0.1;0.0;0.0;0.0;0.0;0.0;0.0;7954878.0;0.0;7810788.0;0.0;0.0;0.0;7768526.0;6750.0;10540.0;28.7;28.7;28.7;28.7;29.7;15.8;889481.0;0.0;0.0;0.0;0.0;0.85;17.89;0.23;0.0;0.0;0.0;1.0;1.0;1.0;1.0;14.7;19.8;7.7;18.0;0.3;0.8;0.0;0.0;0.0;1.0;1.0;1.0;1.0;1.3;1.1
2015-07-02 10:19:30 EDT;60.99;13.83;7950000.0;0.0;21661.0;10691.0;0.06;0.18;0.1;0.0;0.0;0.0;0.0;0.0;0.0;7954878.0;0.0;7810788.0;0.0;0.0;0.0;7768526.0;6750.0;10540.0;28.7;28.7;28.7;28.7;29.7;15.8;889481.0;0.0;0.0;0.0;0.0;0.85;17.89;0.23;0.0;0.0;0.0;1.0;1.0;1.0;1.0;14.7;19.733333333;7.7;18.0;0.3;0.8;0.0;0.0;0.0;1.0;1.0;1.0;1.0;1.3;1.1
2015-07-02 10:19:45 EDT;60.99;13.83;7950000.0;0.0;21661.0;10691.0;0.06;0.18;0.1;0.0;0.0;0.0;0.0;0.0;0.0;7954878.0;0.0;7810788.0;0.0;0.0;0.0;7768526.0;6750.0;10540.0;28.633333333;28.7;28.7;28.7;29.7;15.8;885985.66667;0.0;0.0;0.0;0.0;0.85666666667;17.716666667;0.23;0.0;0.0;0.0;1.0;1.0;1.0;1.0;14.7;19.7;7.7;18.0;0.3;0.8;0.0;0.0;0.0;1.0;1.0;1.0;1.0;1.3;1.1
2015-07-02 10:20:00 EDT;60.99;13.83;7950000.0;0.0;21661.0;10720.333333;0.02;0.06;0.033333333333;0.0;0.0;0.0;0.0;0.0;0.0;7954861.3333;0.0;7810788.0;0.0;0.0;0.0;7768526.0;7063.3333333;11606.666667;28.6;28.7;28.7;28.7;29.7;15.8;884238.0;0.0;0.0;0.0;0.0;0.86;17.63;0.23;0.0;0.0;0.0;1.0;1.0;1.0;1.0;14.7;19.7;7.7;18.0;0.3;0.8;0.0;0.0;0.0;1.0;1.0;1.0;1.0;1.3;1.1
2015-07-02 10:20:15 EDT;60.936666667;13.73;7950000.0;0.0;21661.0;10735.0;0.0;0.0;0.0;0.0;0.0;0.0;0.0;0.0;0.0;7954853.0;0.0;7810788.0;0.0;0.0;0.0;7768526.0;7220.0;12140.0;28.6;28.7;28.7;28.7;29.7;15.8;884238.0;0.0;0.0;0.0;0.0;0.86;17.63;0.23;0.0;0.0;0.0;1.0;1.0;1.0;1.0;14.7;19.7;7.7;18.0;0.3;0.8;0.0;0.0;0.0;1.0;1.0;1.0;1.0;1.3;1.1
2015-07-02 10:20:30 EDT;60.91;13.68;7950000.0;0.0;21661.0;10735.0;0.0;0.0;0.0;0.0;0.0;0.0;0.0;0.0;0.0;7954853.0;0.0;7810788.0;0.0;0.0;0.0;7768526.0;7220.0;12140.0;28.6;28.7;28.7;28.7;29.7;15.8;884238.0;0.0;0.0;0.0;0.0;0.86;17.63;0.23;0.0;0.0;0.0;1.0;1.0;1.0;1.0;14.7;19.7;7.7;18.0;0.3;0.8;0.0;0.0;0.0;1.0;1.0;1.0;1.0;1.3;1.1
2015-07-02 10:20:45 EDT;60.91;13.68;7950000.0;0.0;21661.0;10735.0;0.0;0.0;0.0;0.0;0.0;0.0;0.0;0.0;0.0;7954853.0;0.0;7810788.0;0.0;0.0;0.0;7768526.0;7220.0;12140.0;28.6;28.7;28.7;28.7;29.7;15.8;884238.0;0.0;0.0;0.0;0.0;0.86;17.63;0.23;0.0;0.0;0.0;1.0;1.0;1.0;1.0;14.7;19.7;7.7;18.0;0.3;0.8;0.0;0.0;0.0;1.0;1.0;1.0;1.0;1.3;1.1
2015-07-02 10:21:00 EDT;60.91;13.68;7950000.0;0.0;21661.0;10735.0;0.0;0.0;0.0;0.0;0.0;0.0;0.0;0.0;0.0;7954853.0;0.0;7810788.0;0.0;0.0;0.0;7768526.0;7220.0;12140.0;28.6;28.7;28.633333333;28.7;29.7;15.8;886552.0;0.0;-89.333333333;0.0;0.0;0.85333333333;17.776666667;0.23;0.0;0.0;0.0;1.0;1.0;1.0;1.0;14.7;19.7;7.7;18.0;0.3;0.8;0.0;0.0;0.0;1.0;1.0;1.0;1.0;1.3;1.1
2015-07-02 10:21:15 EDT;60.91;13.68;7950000.0;0.0;21661.0;10723.0;0.053333333333;0.0;0.0;0.0;0.0;0.0;0.0;0.0;0.0;7954870.3333;0.0;7810788.0;0.0;0.0;0.0;7768526.0;7113.3333333;11100.0;28.6;28.7;28.6;28.7;29.7;15.8;887709.0;0.0;-134.0;0.0;0.0;0.85;17.85;0.23;0.0;0.0;0.0;1.0;1.0;1.0;1.0;14.7;19.7;7.7;18.0;0.3;0.8;0.0;0.0;0.0;1.0;1.0;1.0;1.0;1.3;1.1
2015-07-02 10:21:30 EDT;60.856666667;14.113333333;7950000.0;0.0;21661.0;10717.0;0.08;0.0;0.0;0.0;0.0;0.0;0.0;0.0;0.0;7954879.0;0.0;7810788.0;0.0;0.0;0.0;7768526.0;7060.0;10580.0;28.6;28.7;28.6;28.7;29.7;15.8;887709.0;0.0;-134.0;0.0;0.0;0.85;17.85;0.23;0.0;0.0;0.0;1.0;1.0;1.0;1.0;14.7;19.7;7.7;18.0;0.3;0.8;0.0;0.0;0.0;1.0;1.0;1.0;1.0;1.3;1.1
2015-07-02 10:21:45 EDT;60.83;14.33;7950000.0;0.0;21661.0;10717.0;0.08;0.0;0.0;0.0;0.0;0.0;0.0;0.0;0.0;7954879.0;0.0;7810788.0;0.0;0.0;0.0;7768526.0;7060.0;10580.0;28.6;28.7;28.6;28.7;29.7;15.8;887709.0;0.0;-134.0;0.0;0.0;0.85;17.85;0.23;0.0;0.0;0.0;1.0;1.0;1.0;1.0;14.7;19.7;7.7;18.0;0.3;0.8;0.0;0.0;0.0;1.0;1.0;1.0;1.0;1.3;1.1
2015-07-02 10:22:00 EDT;60.83;14.33;7950000.0;0.0;21661.0;10717.0;0.08;0.0;0.0;0.0;0.0;0.0;0.0;0.0;0.0;7954879.0;0.0;7810788.0;0.0;0.0;0.0;7768526.0;7060.0;10580.0;28.6;28.626666667;28.6;28.626666667;29.7;15.8;887608.53333;0.0;-35.733333333;0.0;0.0;0.85;17.85;0.23;0.0;0.0;0.0;1.0;1.0;1.0;1.0;14.7;19.7;7.7;18.0;0.3;0.8;0.0;0.0;0.0;1.0;1.0;1.0;1.0;1.3;1.1
2015-07-02 10:22:15 EDT;60.83;14.33;7950000.0;0.0;21661.0;10703.8;0.021333333333;0.0;0.0;0.029333333333;0.0;0.0;0.0;0.0;0.0;7954868.7333;0.0;7810788.0;0.0;0.0;0.0;7768526.0;6788.6666667;10594.666667;28.6;28.6;28.6;28.6;29.7;15.8;887572.0;0.0;0.0;0.0;0.0;0.85;17.85;0.23;0.0;0.0;0.0;1.0;1.0;1.0;1.0;14.7;19.7;7.7;18.0;0.3;0.8;0.0;0.0;0.0;1.0;1.0;1.0;1.0;1.3;1.1
2015-07-02 10:22:30 EDT;60.984;13.728666667;7950000.0;0.0;21661.0;10699.0;0.0;0.0;0.0;0.04;0.0;0.0;0.0;0.0;0.0;7954865.0;0.0;7810788.0;0.0;0.0;0.0;7768526.0;6690.0;10600.0;28.6;28.6;28.6;28.6;29.7;15.8;887572.0;0.0;0.0;0.0;0.0;0.85;17.85;0.23;0.0;0.0;0.0;1.0;1.0;1.0;1.0;14.7;19.7;7.7;18.0;0.3;0.8;0.0;0.0;0.0;1.0;1.0;1.0;1.0;1.3;1.1
2015-07-02 10:22:45 EDT;61.04;13.51;7950000.0;0.0;21661.0;10699.0;0.0;0.0;0.0;0.04;0.0;0.0;0.0;0.0;0.0;7954865.0;0.0;7810788.0;0.0;0.0;0.0;7768526.0;6690.0;10600.0;28.6;28.6;28.6;28.6;29.7;15.8;887572.0;0.0;0.0;0.0;0.0;0.85;17.85;0.23;0.0;0.0;0.0;1.0;1.0;1.0;1.0;14.7;19.7;7.7;18.0;0.3;0.8;0.0;0.0;0.0;1.0;1.0;1.0;1.0;1.3;1.1
2015-07-02 10:23:00 EDT;61.04;13.51;7950000.0;0.0;21661.0;10699.0;0.0;0.0;0.0;0.04;0.0;0.0;0.0;0.0;0.0;7954865.0;0.0;7810788.0;0.0;0.0;0.0;7768526.0;6690.0;10600.0;28.6;28.6;28.6;28.6;29.7;15.8;887572.0;0.0;0.0;0.0;0.0;0.85;17.85;0.23;0.0;0.0;0.0;1.0;1.0;1.0;1.0;14.7;19.7;7.7;17.94;0.3;0.8;0.0;0.0;0.0;1.0;1.0;1.0;1.0;1.3;1.1
2015-07-02 10:23:15 EDT;61.04;13.51;7950000.0;0.0;21661.0;10699.0;0.0;0.0;0.0;0.04;0.0;0.0;0.0;0.0;0.0;7954865.0;0.0;7810788.0;0.0;0.0;0.0;7768526.0;6690.0;10600.0;28.54;28.6;28.6;28.6;29.76;15.8;888167.2;0.0;0.0;0.0;0.0;0.85;17.862;0.23;0.0;0.0;0.0;1.0;1.0;1.0;1.0;14.7;19.7;7.7;17.9;0.3;0.8;0.0;0.0;0.0;1.0;1.0;1.0;1.0;1.3;1.1
2015-07-02 10:23:30 EDT;61.04;13.51;7950000.0;0.0;21661.0;10725.4;0.036;0.0;0.0;0.016;0.0;0.0;0.0;0.0;0.0;7954875.2;0.0;7810788.0;0.0;0.0;0.0;7768526.0;6900.0;10546.0;28.5;28.6;28.6;28.6;29.8;15.8;888564.0;0.0;0.0;0.0;0.0;0.85;17.87;0.23;0.0;0.0;0.0;1.0;1.0;1.0;1.0;14.7;19.7;7.7;17.9;0.3;0.8;0.0;0.0;0.0;1.0;1.0;1.0;1.0;1.3;1.1
2015-07-02 10:23:45 EDT;60.986;13.672;7950000.0;0.0;21661.0;10743.0;0.06;0.0;0.0;0.0;0.0;0.0;0.0;0.0;0.0;7954882.0;0.0;7810788.0;0.0;0.0;0.0;7768526.0;7040.0;10510.0;28.5;28.6;28.6;28.6;29.8;15.8;888564.0;0.0;0.0;0.0;0.0;0.85;17.87;0.23;0.0;0.0;0.0;1.0;1.0;1.0;1.0;14.7;19.7;7.7;17.9;0.3;0.8;0.0;0.0;0.0;1.0;1.0;1.0;1.0;1.3;1.1
2015-07-02 10:24:00 EDT;60.95;13.78;7950000.0;0.0;21661.0;10743.0;0.06;0.0;0.0;0.0;0.0;0.0;0.0;0.0;0.0;7954882.0;0.0;7810788.0;0.0;0.0;0.0;7768526.0;7040.0;10510.0;28.5;28.6;28.6;28.6;29.8;15.8;888564.0;0.0;0.0;0.0;0.0;0.85;17.87;0.23;0.0;0.0;0.0;1.0;1.0;1.0;1.0;14.7;19.7;7.7;17.9;0.3;0.8;0.0;0.0;0.0;1.0;1.0;1.0;1.0;1.3;1.1
2015-07-02 10:24:15 EDT;60.95;13.78;7950000.0;0.0;21661.0;10743.0;0.06;0.0;0.0;0.0;0.0;0.0;0.0;0.0;0.0;7954882.0;0.0;7810788.0;0.0;0.0;0.0;7768526.0;7040.0;10510.0;28.5;28.533333333;28.533333333;28.6;29.8;15.8;888232.66667;0.0;0.0;0.0;0.0;0.85;17.843333333;0.23;0.0;0.0;0.0;1.0;1.0;1.0;1.0;14.7;19.7;7.7;17.9;0.3;0.8;0.0;0.0;0.0;1.0;1.0;1.0;1.0;1.3;1.1
2015-07-02 10:24:30 EDT;60.95;13.78;7950000.0;0.0;21661.0;10731.0;0.06;0.04;0.0;0.0;0.0;0.0;0.0;0.0;0.0;7954870.6667;0.0;7810788.0;0.0;0.0;0.0;7768526.0;6973.3333333;10483.333333;28.5;28.5;28.5;28.6;29.8;15.8;888067.0;0.0;0.0;0.0;0.0;0.85;17.83;0.23;0.0;0.0;0.0;1.0;1.0;1.0;1.0;14.7;19.7;7.7;17.9;0.3;0.8;0.0;0.0;0.0;1.0;1.0;1.0;1.0;1.3;1.1
2015-07-02 10:24:45 EDT;60.91;13.813333333;7950000.0;0.0;21661.0;10725.0;0.06;0.06;0.0;0.0;0.0;0.0;0.0;0.0;0.0;7954865.0;0.0;7810788.0;0.0;0.0;0.0;7768526.0;6940.0;10470.0;28.5;28.5;28.5;28.6;29.8;15.8;888067.0;0.0;0.0;0.0;0.0;0.85;17.83;0.23;0.0;0.0;0.0;1.0;1.0;1.0;1.0;14.7;19.7;7.7;17.9;0.3;0.8;0.0;0.0;0.0;1.0;1.0;1.0;1.0;1.3;1.1
2015-07-02 10:25:00 EDT;60.89;13.83;7950000.0;0.0;21661.0;10725.0;0.06;0.06;0.0;0.0;0.0;0.0;0.0;0.0;0.0;7954865.0;0.0;7810788.0;0.0;0.0;0.0;7768526.0;6940.0;10470.0;28.5;28.5;28.5;28.6;29.8;15.8;888067.0;0.0;0.0;0.0;0.0;0.85;17.83;0.23;0.0;0.0;0.0;1.0;1.0;1.0;1.0;14.7;19.7;7.7;17.9;0.3;0.8;0.0;0.0;0.0;1.0;1.0;1.0;1.0;1.3;1.1
2015-07-02 10:25:15 EDT;60.89;13.83;7950000.0;0.0;21661.0;10725.0;0.06;0.06;0.0;0.0;0.0;0.0;0.0;0.0;0.0;7954865.0;0.0;7810788.0;0.0;0.0;0.0;7768526.0;6940.0;10470.0;28.5;28.5;28.5;28.6;29.8;15.8;888067.0;0.0;0.0;0.0;0.0;0.85;17.83;0.23;0.0;0.0;0.0;1.0;1.0;1.0;1.0;14.64;19.7;7.7;17.9;0.3;0.8;0.0;0.0;0.0;1.0;1.0;1.0;1.0;1.3;1.1
2015-07-02 10:25:30 EDT;60.89;13.83;7950000.0;0.0;21661.0;10725.0;0.06;0.06;0.0;0.0;0.0;0.0;0.0;0.0;0.0;7954865.0;0.0;7810788.0;0.0;0.0;0.0;7768526.0;6940.0;10470.0;28.5;28.5;28.5;28.54;29.8;15.8;887236.0;0.0;0.0;0.0;0.0;0.85;17.854;0.23;0.0;0.0;0.0;1.0;1.0;1.0;1.0;14.6;19.7;7.7;17.9;0.3;0.8;0.0;0.0;0.0;1.0;1.0;1.0;1.0;1.3;1.1
2015-07-02 10:25:45 EDT;60.89;13.83;7950000.0;0.0;21661.0;10714.2;0.06;0.048;0.0;0.024;0.0;0.0;0.0;0.0;0.0;7954868.6;0.0;7810788.0;0.0;0.0;0.0;7768526.0;7000.0;10512.0;28.5;28.5;28.5;28.5;29.8;15.8;886682.0;0.0;0.0;0.0;0.0;0.85;17.87;0.23;0.0;0.0;0.0;1.0;1.0;1.0;1.0;14.6;19.7;7.7;17.9;0.3;0.8;0.0;0.0;0.0;1.0;1.0;1.0;1.0;1.3;1.1
2015-07-02 10:26:00 EDT;60.806;13.776;7950000.0;0.0;21661.0;10707.0;0.06;0.04;0.0;0.04;0.0;0.0;0.0;0.0;0.0;7954871.0;0.0;7810788.0;0.0;0.0;0.0;7768526.0;7040.0;10540.0;28.5;28.5;28.5;28.5;29.8;15.8;886682.0;0.0;0.0;0.0;0.0;0.85;17.87;0.23;0.0;0.0;0.0;1.0;1.0;1.0;1.0;14.6;19.7;7.7;17.9;0.3;0.8;0.0;0.0;0.0;1.0;1.0;1.0;1.0;1.3;1.1
2015-07-02 10:26:15 EDT;60.75;13.74;7950000.0;0.0;21661.0;10707.0;0.06;0.04;0.0;0.04;0.0;0.0;0.0;0.0;0.0;7954871.0;0.0;7810788.0;0.0;0.0;0.0;7768526.0;7040.0;10540.0;28.5;28.5;28.5;28.5;29.8;15.8;886682.0;0.0;0.0;0.0;0.0;0.85;17.87;0.23;0.0;0.0;0.0;1.0;1.0;1.0;1.0;14.6;19.7;7.7;17.9;0.3;0.8;0.0;0.0;0.0;1.0;1.0;1.0;1.0;1.3;1.1
2015-07-02 10:26:30 EDT;60.75;13.74;7950000.0;0.0;21661.0;10707.0;0.06;0.04;0.0;0.04;0.0;0.0;0.0;0.0;0.0;7954871.0;0.0;7810788.0;0.0;0.0;0.0;7768526.0;7040.0;10540.0;28.5;28.5;28.5;28.5;29.8;15.8;772803.8;0.0;10.8;0.0;0.0;0.856;15.674;0.23;0.0;0.0;0.0;1.0;1.0;1.0;1.0;14.6;19.7;7.7;17.9;0.3;0.8;0.0;0.0;0.0;1.0;1.0;1.0;1.0;1.3;1.1
2015-07-02 10:26:45 EDT;60.75;13.74;7950000.0;0.0;21661.0;10717.8;0.084;0.016;0.0;0.016;0.0;0.0;0.0;0.0;0.0;7954865.6;0.0;7810788.0;0.0;0.0;0.0;7768526.0;7052.0;10546.0;28.5;28.5;28.5;28.5;29.8;15.8;696885.0;0.0;18.0;0.0;0.0;0.86;14.21;0.23;0.0;0.0;0.0;1.0;1.0;1.0;1.0;14.6;19.7;7.7;17.9;0.3;0.8;0.0;0.0;0.0;1.0;1.0;1.0;1.0;1.3;1.1
2015-07-02 10:27:00 EDT;60.816;13.656;7950000.0;0.0;21661.0;10725.0;0.1;0.0;0.0;0.0;0.0;0.0;0.0;0.0;0.0;7954862.0;0.0;7810788.0;0.0;0.0;0.0;7768526.0;7060.0;10550.0;28.5;28.5;28.5;28.5;29.8;15.8;696885.0;0.0;18.0;0.0;0.0;0.86;14.21;0.23;0.0;0.0;0.0;1.0;1.0;1.0;1.0;14.6;19.7;7.7;17.9;0.3;0.8;0.0;0.0;0.0;1.0;1.0;1.0;1.0;1.3;1.1
2015-07-02 10:27:15 EDT;60.86;13.6;7950000.0;0.0;21661.0;10725.0;0.1;0.0;0.0;0.0;0.0;0.0;0.0;0.0;0.0;7954862.0;0.0;7810788.0;0.0;0.0;0.0;7768526.0;7060.0;10550.0;28.5;28.5;28.5;28.5;29.8;15.8;696885.0;0.0;18.0;0.0;0.0;0.86;14.21;0.23;0.0;0.0;0.0;1.0;1.0;1.0;1.0;14.6;19.7;7.7;17.9;0.3;0.8;0.0;0.0;0.0;1.0;1.0;1.0;1.0;1.3;1.1
2015-07-02 10:27:30 EDT;60.86;13.6;7950000.0;0.0;21661.0;10725.0;0.1;0.0;0.0;0.0;0.0;0.0;0.0;0.0;0.0;7954862.0;0.0;7810788.0;0.0;0.0;0.0;7768526.0;7060.0;10550.0;28.5;28.5;28.5;28.5;29.8;15.8;696885.0;0.0;18.0;0.0;0.0;0.86;14.21;0.23;0.0;0.0;0.0;1.0;1.0;1.0;1.0;14.6;19.7;7.64;17.96;0.3;0.8;0.0;0.0;0.0;1.0;1.0;1.0;1.0;1.3;1.16
2015-07-02 10:27:45 EDT;60.86;13.6;7950000.0;0.0;21661.0;10725.0;0.1;0.0;0.0;0.0;0.0;0.0;0.0;0.0;0.0;7954862.0;0.0;7810788.0;0.0;0.0;0.0;7768526.0;7060.0;10550.0;28.44;28.5;28.5;28.5;29.86;15.74;278754.0;0.0;7.2;0.0;22.2;0.77;16.748;0.296;0.0;0.0;0.0;1.0;1.0;1.0;1.0;14.6;19.7;7.6;18.0;0.3;0.8;0.0;0.0;0.0;1.0;1.0;1.0;1.0;1.3;1.2
2015-07-02 10:28:00 EDT;60.86;13.6;7950000.0;0.0;21700.6;10705.8;0.112;0.072;0.0;0.0;0.0;0.0;0.0;0.0;0.0;7939730.6;0.0;7773080.4;0.0;0.0;0.0;7736545.4;11368.0;11828.0;28.4;28.5;28.5;28.5;29.9;15.7;0.0;0.0;0.0;0.0;37.0;0.71;18.44;0.34;0.0;0.0;0.0;1.0;1.0;1.0;1.0;14.6;19.7;7.6;18.0;0.3;0.8;0.0;0.0;0.0;1.0;1.0;1.0;1.0;1.3;1.2
2015-07-02 10:28:15 EDT;60.95;18.538;7938000.0;0.0;21727.0;10693.0;0.12;0.12;0.0;0.0;0.0;0.0;0.0;0.0;0.0;7929643.0;0.0;7747942.0;0.0;0.0;0.0;7715225.0;14240.0;12680.0;28.4;28.5;28.5;28.5;29.9;15.7;0.0;0.0;0.0;0.0;37.0;0.71;18.44;0.34;0.0;0.0;0.0;1.0;1.0;1.0;1.0;14.6;19.7;7.6;18.0;0.3;0.8;0.0;0.0;0.0;1.0;1.0;1.0;1.0;1.3;1.2
2015-07-02 10:28:30 EDT;61.01;21.83;7930000.0;0.0;21727.0;10693.0;0.12;0.12;0.0;0.0;0.0;0.0;0.0;0.0;0.0;7929643.0;0.0;7747942.0;0.0;0.0;0.0;7715225.0;14240.0;12680.0;28.4;28.5;28.5;28.5;29.9;15.7;0.0;0.0;0.0;0.0;37.0;0.71;18.44;0.34;0.0;0.0;0.0;1.0;1.0;1.0;1.0;14.6;19.7;7.6;18.0;0.3;0.8;0.0;0.0;0.0;1.0;1.0;1.0;1.0;1.36;1.2
2015-07-02 10:28:45 EDT;61.01;21.83;7930000.0;0.0;21727.0;10693.0;0.12;0.12;0.0;0.0;0.0;0.0;0.0;0.0;0.0;7929643.0;0.0;7747942.0;0.0;0.0;0.0;7715225.0;14240.0;12680.0;28.4;28.44;28.44;28.5;29.96;15.7;0.0;0.0;0.0;0.0;14.8;0.728;18.314;0.328;0.0;0.0;0.0;1.0;1.0;1.0;1.0;14.6;19.7;7.6;18.0;0.3;0.8;0.0;0.0;0.0;1.0;1.0;1.0;1.0;1.4;1.2
2015-07-02 10:29:00 EDT;61.01;21.83;7930000.0;0.0;21687.4;10711.0;0.048;0.048;0.0;0.06;0.0;0.0;0.0;0.0;0.0;7919962.0;0.0;7706129.8;0.0;0.0;0.0;7681074.8;11354.0;12470.0;28.4;28.4;28.4;28.5;30.0;15.7;0.0;0.0;0.0;0.0;0.0;0.74;18.23;0.32;0.0;0.0;0.0;1.0;1.0;1.0;1.0;14.6;19.7;7.6;18.0;0.3;0.8;0.0;0.0;0.0;1.0;1.0;1.0;1.0;1.4;1.2
2015-07-02 10:29:15 EDT;60.914;20.942;7918000.0;0.0;21661.0;10723.0;0.0;0.0;0.0;0.1;0.0;0.0;0.0;0.0;0.0;7913508.0;0.0;7678255.0;0.0;0.0;0.0;7658308.0;9430.0;12330.0;28.4;28.4;28.4;28.5;30.0;15.7;0.0;0.0;0.0;0.0;0.0;0.74;18.23;0.32;0.0;0.0;0.0;1.0;1.0;1.0;1.0;14.6;19.7;7.6;18.0;0.3;0.8;0.0;0.0;0.0;1.0;1.0;1.0;1.0;1.4;1.2
2015-07-02 10:29:30 EDT;60.85;20.35;7910000.0;0.0;21661.0;10723.0;0.0;0.0;0.0;0.1;0.0;0.0;0.0;0.0;0.0;7913508.0;0.0;7678255.0;0.0;0.0;0.0;7658308.0;9430.0;12330.0;28.4;28.4;28.4;28.5;30.0;15.7;0.0;0.0;0.0;0.0;0.0;0.74;18.23;0.32;0.0;0.0;0.0;1.0;1.0;1.0;1.0;14.6;19.7;7.6;18.0;0.3;0.8;0.0;0.0;0.0;1.0;1.0;1.0;1.0;1.4;1.2
2015-07-02 10:29:45 EDT;60.85;20.35;7910000.0;0.0;21661.0;10723.0;0.0;0.0;0.0;0.1;0.0;0.0;0.0;0.0;0.0;7913508.0;0.0;7678255.0;0.0;0.0;0.0;7658308.0;9430.0;12330.0;28.4;28.4;28.4;28.5;30.0;15.7;0.0;0.0;0.0;0.0;0.0;0.74;18.23;0.32;0.0;0.0;0.0;1.0;1.0;1.0;1.0;14.6;19.7;7.6;18.0;0.3;0.8;0.0;0.0;0.0;1.0;1.0;1.0;1.0;1.4;1.2
2015-07-02 10:30:00 EDT;60.85;20.35;7910000.0;0.0;21661.0;10723.0;0.0;0.0;0.0;0.1;0.0;0.0;0.0;0.0;0.0;7913508.0;0.0;7678255.0;0.0;0.0;0.0;7658308.0;9430.0;12330.0;28.4;28.4;28.4;28.446666667;30.0;15.7;0.0;0.0;0.0;0.0;0.0;0.74533333333;15.878;0.31466666667;0.0;0.0;0.0;1.0;1.0;1.0;1.0;14.6;19.7;7.6;18.0;0.3;0.8;0.0;0.0;0.0;1.0;1.0;1.0;1.0;1.4;1.2
2015-07-02 10:30:15 EDT;60.85;20.35;7910000.0;0.0;21661.0;10732.6;0.064;0.064;0.0;0.046666666667;0.0;0.0;0.0;0.0;0.0;7907817.8667;0.0;7645926.4667;0.0;0.0;0.0;7631362.4;12662.0;12271.333333;28.4;28.4;28.4;28.4;30.0;15.7;0.0;0.0;0.0;0.0;0.0;0.75;13.82;0.31;0.0;0.0;0.0;1.0;1.0;1.0;1.0;14.6;19.7;7.6;18.0;0.3;0.8;0.0;0.0;0.0;1.0;1.0;1.0;1.0;1.4;1.2
2015-07-02 10:30:30 EDT;60.898;20.264666667;7904666.6667;0.0;21661.0;10741.0;0.12;0.12;0.0;0.0;0.0;0.0;0.0;0.0;0.0;7902839.0;0.0;7617639.0;0.0;0.0;0.0;7607785.0;15490.0;12220.0;28.4;28.4;28.4;28.4;30.0;15.7;0.0;0.0;0.0;0.0;0.0;0.75;13.82;0.31;0.0;0.0;0.0;1.0;1.0;1.0;1.0;14.6;19.7;7.6;18.0;0.3;0.8;0.0;0.0;0.0;1.0;1.0;1.0;1.0;1.4;1.2
2015-07-02 10:30:45 EDT;60.94;20.19;7900000.0;0.0;21661.0;10741.0;0.12;0.12;0.0;0.0;0.0;0.0;0.0;0.0;0.0;7902839.0;0.0;7617639.0;0.0;0.0;0.0;7607785.0;15490.0;12220.0;28.4;28.4;28.4;28.4;30.0;15.7;0.0;0.0;0.0;0.0;0.0;0.75;13.82;0.31;0.0;0.0;0.0;1.0;1.0;1.0;1.0;14.6;19.7;7.6;18.0;0.3;0.8;0.0;0.0;0.0;1.0;1.0;1.0;1.0;1.4;1.2466666667
2015-07-02 10:31:00 EDT;60.94;20.19;7900000.0;0.0;21661.0;10741.0;0.12;0.12;0.0;0.0;0.0;0.0;0.0;0.0;0.0;7902839.0;0.0;7617639.0;0.0;0.0;0.0;7607785.0;15490.0;12220.0;28.4;28.4;28.4;28.4;30.046666667;15.653333333;0.0;0.0;-11232.2;0.0;0.0;0.75;15.948;0.31;0.0;0.0;0.0;1.0;1.0;1.0;1.0;14.6;19.7;7.6;18.0;0.3;0.8;0.0;0.0;0.0;1.0;1.0;1.0;1.0;1.4;1.3
2015-07-02 10:31:15 EDT;60.94;20.19;7900000.0;0.0;21661.0;10743.8;0.073333333333;0.11066666667;0.0;0.018666666667;0.0;0.0;0.0;0.0;0.0;7898491.5333;0.0;7593183.8;0.0;0.0;0.0;7584706.0;14860.0;12182.666667;28.4;28.4;28.4;28.4;30.1;15.6;0.0;0.0;-24069.0;0.0;0.0;0.75;18.38;0.31;0.0;0.0;0.0;1.0;1.0;1.0;1.0;14.6;19.7;7.6;18.0;0.3;0.8;0.0;0.0;0.0;1.0;1.0;1.0;1.0;1.4;1.3
2015-07-02 10:31:30 EDT;60.944666667;19.896;7895333.3333;0.0;21661.0;10747.0;0.02;0.1;0.0;0.04;0.0;0.0;0.0;0.0;0.0;7893523.0;0.0;7565235.0;0.0;0.0;0.0;7558330.0;14140.0;12140.0;28.4;28.4;28.4;28.4;30.1;15.6;0.0;0.0;-24069.0;0.0;0.0;0.75;18.38;0.31;0.0;0.0;0.0;1.0;1.0;1.0;1.0;14.6;19.7;7.6;18.0;0.3;0.8;0.0;0.0;0.0;1.0;1.0;1.0;1.0;1.4;1.3
2015-07-02 10:31:45 EDT;60.95;19.56;7890000.0;0.0;21661.0;10747.0;0.02;0.1;0.0;0.04;0.0;0.0;0.0;0.0;0.0;7893523.0;0.0;7565235.0;0.0;0.0;0.0;7558330.0;14140.0;12140.0;28.4;28.4;28.4;28.4;30.1;15.6;0.0;0.0;-24069.0;0.0;0.0;0.75;18.38;0.31;0.0;0.0;0.0;1.0;1.0;1.0;1.0;14.6;19.7;7.6;18.0;0.3;0.8;0.0;0.0;0.0;1.0;1.0;1.0;1.0;1.4;1.3
2015-07-02 10:32:00 EDT;60.95;19.56;7890000.0;0.0;21661.0;10747.0;0.02;0.1;0.0;0.04;0.0;0.0;0.0;0.0;0.0;7893523.0;0.0;7565235.0;0.0;0.0;0.0;7558330.0;14140.0;12140.0;28.4;28.4;28.4;28.4;30.1;15.6;0.0;0.0;-24069.0;0.0;0.0;0.75;18.38;0.31;0.0;0.0;0.0;1.0;1.0;1.0;1.0;14.6;19.646666667;7.6;18.0;0.3;0.8;0.0;0.0;0.0;1.0;1.0;1.0;1.0;1.4;1.3
2015-07-02 10:32:15 EDT;60.95;19.56;7890000.0;0.0;21661.0;10747.0;0.02;0.1;0.0;0.04;0.0;0.0;0.0;0.0;0.0;7893523.0;0.0;7565235.0;0.0;0.0;0.0;7558330.0;14140.0;12140.0;28.4;28.4;28.4;28.4;30.153333333;15.6;17057.6;0.0;-9628.4666667;0.0;0.0;0.62733333333;32.342666667;0.37933333333;0.0;0.0;0.0;1.0;1.0;1.0;1.0;14.6;19.6;7.6;18.0;0.3;0.8;0.0;0.0;0.0;1.0;1.0;1.0;1.0;1.4;1.3
2015-07-02 10:32:30 EDT;60.95;19.56;7890000.0;0.0;21661.0;10734.733333;0.0093333333333;0.046666666667;0.0;0.018666666667;0.0;0.0;0.0;0.0;0.0;7884270.7333;0.0;7545227.0;0.0;0.0;0.0;7496597.2;8417.3333333;7521.3333333;28.4;28.4;28.4;28.4;30.2;15.6;31983.0;0.0;3007.0;0.0;0.0;0.52;44.56;0.44;0.0;0.0;0.0;1.0;1.0;1.0;1.0;14.6;19.6;7.6;18.0;0.3;0.8;0.0;0.0;0.0;1.0;1.0;1.0;1.0;1.4;1.3
2015-07-02 10:32:45 EDT;60.966;23.592;7884666.6667;0.0;21661.0;10724.0;0.0;0.0;0.0;0.0;0.0;0.0;0.0;0.0;0.0;7876175.0;0.0;7527720.0;0.0;0.0;0.0;7442581.0;3410.0;3480.0;28.4;28.4;28.4;28.4;30.2;15.6;31983.0;0.0;3007.0;0.0;0.0;0.52;44.56;0.44;0.0;0.0;0.0;1.0;1.0;1.0;1.0;14.6;19.6;7.6;18.0;0.3;0.8;0.0;0.0;0.0;1.0;1.0;1.0;1.0;1.4;1.3
2015-07-02 10:33:00 EDT;60.98;27.12;7880000.0;0.0;21661.0;10724.0;0.0;0.0;0.0;0.0;0.0;0.0;0.0;0.0;0.0;7876175.0;0.0;7527720.0;0.0;0.0;0.0;7442581.0;3410.0;3480.0;28.4;28.4;28.4;28.4;30.2;15.6;31983.0;0.0;3007.0;0.0;0.0;0.52;44.56;0.44;0.0;0.0;0.0;1.0;1.0;1.0;1.0;14.6;19.6;7.6;18.0;0.3;0.8;0.0;0.0;0.0;1.0;1.0;1.0;1.0;1.4;1.3
2015-07-02 10:33:15 EDT;60.98;27.12;7880000.0;0.0;21661.0;10724.0;0.0;0.0;0.0;0.0;0.0;0.0;0.0;0.0;0.0;7876175.0;0.0;7527720.0;0.0;0.0;0.0;7442581.0;3410.0;3480.0;28.353333333;28.4;28.4;28.4;30.2;15.6;428874.6;0.0;1638.2666667;0.0;0.0;0.674;32.090666667;0.342;0.0;0.0;0.0;1.0;1.0;1.0;1.0;14.6;19.6;7.6;18.0;0.3;0.8;0.0;0.0;0.0;1.0;1.0;1.0;1.0;1.4;1.3
2015-07-02 10:33:30 EDT;60.98;27.12;7880000.0;0.0;21661.0;10715.133333;0.0;0.018666666667;0.0093333333333;0.0093333333333;0.0;0.0;0.0;0.0;0.0;7876175.4667;0.0;7527720.0;0.0;0.0;0.0;7442581.0;5057.3333333;6751.3333333;28.3;28.4;28.4;28.4;30.2;15.6;882465.0;0.0;74.0;0.0;0.0;0.85;17.84;0.23;0.0;0.0;0.0;1.0;1.0;1.0;1.0;14.6;19.6;7.6;18.0;0.3;0.8;0.0;0.0;0.0;1.0;1.0;1.0;1.0;1.4;1.3
2015-07-02 10:33:45 EDT;60.877333333;20.731333333;7880000.0;0.0;21661.0;10705.0;0.0;0.04;0.02;0.02;0.0;0.0;0.0;0.0;0.0;7876176.0;0.0;7527720.0;0.0;0.0;0.0;7442581.0;6940.0;10490.0;28.3;28.4;28.4;28.4;30.2;15.6;882465.0;0.0;74.0;0.0;0.0;0.85;17.84;0.23;0.0;0.0;0.0;1.0;1.0;1.0;1.0;14.6;19.6;7.6;18.0;0.3;0.8;0.0;0.0;0.0;1.0;1.0;1.0;1.0;1.4;1.3
2015-07-02 10:34:00 EDT;60.76;13.43;7880000.0;0.0;21661.0;10705.0;0.0;0.04;0.02;0.02;0.0;0.0;0.0;0.0;0.0;7876176.0;0.0;7527720.0;0.0;0.0;0.0;7442581.0;6940.0;10490.0;28.3;28.4;28.4;28.4;30.2;15.6;882465.0;0.0;74.0;0.0;0.0;0.85;17.84;0.23;0.0;0.0;0.0;1.0;1.0;1.0;1.0;14.6;19.6;7.6;18.0;0.3;0.8;0.0;0.0;0.0;1.0;1.0;1.0;1.0;1.4;1.3
2015-07-02 10:34:15 EDT;60.76;13.43;7880000.0;0.0;21661.0;10705.0;0.0;0.04;0.02;0.02;0.0;0.0;0.0;0.0;0.0;7876176.0;0.0;7527720.0;0.0;0.0;0.0;7442581.0;6940.0;10490.0;28.3;28.4;28.4;28.4;30.2;15.6;882465.0;0.0;74.0;0.0;0.0;0.85;17.84;0.23;0.0;0.0;0.0;1.0;1.0;1.0;1.0;14.6;19.6;7.6;18.0;0.3;0.8;0.0;0.0;0.0;1.0;1.0;1.0;1.0;1.4;1.3
2015-07-02 10:34:30 EDT;60.76;13.43;7880000.0;0.0;21661.0;10705.0;0.0;0.04;0.02;0.02;0.0;0.0;0.0;0.0;0.0;7876176.0;0.0;7527720.0;0.0;0.0;0.0;7442581.0;6940.0;10490.0;28.3;28.353333333;28.353333333;28.353333333;30.2;15.6;885054.53333;0.0;39.466666667;0.0;0.0;0.85;17.849333333;0.23;0.0;0.0;0.0;1.0;1.0;1.0;1.0;14.6;19.6;7.6;18.0;0.3;0.8;0.0;0.0;0.0;1.0;1.0;1.0;1.0;1.4;1.3
2015-07-02 10:34:45 EDT;60.76;13.43;7880000.0;0.0;21661.0;10697.066667;0.0;0.021333333333;0.038666666667;0.048;0.0;0.0;0.0;0.0;0.0;7876177.8667;0.0;7527720.0;0.0;0.0;0.0;7442581.0;7196.6666667;10471.333333;28.3;28.3;28.3;28.3;30.2;15.6;888014.0;0.0;0.0;0.0;0.0;0.85;17.86;0.23;0.0;0.0;0.0;1.0;1.0;1.0;1.0;14.6;19.6;7.6;18.0;0.3;0.8;0.0;0.0;0.0;1.0;1.0;1.0;1.0;1.4;1.3
2015-07-02 10:35:00 EDT;60.862666667;13.691333333;7880000.0;0.0;21661.0;10688.0;0.0;0.0;0.06;0.08;0.0;0.0;0.0;0.0;0.0;7876180.0;0.0;7527720.0;0.0;0.0;0.0;7442581.0;7490.0;10450.0;28.3;28.3;28.3;28.3;30.2;15.6;888014.0;0.0;0.0;0.0;0.0;0.85;17.86;0.23;0.0;0.0;0.0;1.0;1.0;1.0;1.0;14.6;19.6;7.6;18.0;0.3;0.8;0.0;0.0;0.0;1.0;1.0;1.0;1.0;1.4;1.3
2015-07-02 10:35:15 EDT;60.98;13.99;7880000.0;0.0;21661.0;10688.0;0.0;0.0;0.06;0.08;0.0;0.0;0.0;0.0;0.0;7876180.0;0.0;7527720.0;0.0;0.0;0.0;7442581.0;7490.0;10450.0;28.3;28.3;28.3;28.3;30.2;15.6;888014.0;0.0;0.0;0.0;0.0;0.85;17.86;0.23;0.0;0.0;0.0;1.0;1.0;1.0;1.0;14.6;19.6;7.6;18.0;0.3;0.8;0.0;0.0;0.0;1.0;1.0;1.0;1.0;1.4;1.3
2015-07-02 10:35:30 EDT;60.98;13.99;7880000.0;0.0;21661.0;10688.0;0.0;0.0;0.06;0.08;0.0;0.0;0.0;0.0;0.0;7876180.0;0.0;7527720.0;0.0;0.0;0.0;7442581.0;7490.0;10450.0;28.3;28.3;28.3;28.3;30.2;15.6;888570.8;0.0;-29.6;0.0;-10021.2;0.85;17.94;0.23;0.0;0.0;0.0;1.0;1.0;1.0;1.0;14.6;19.6;7.6;18.0;0.3;0.8;0.0;0.0;0.0;1.0;1.0;1.0;1.0;1.4;1.3
2015-07-02 10:35:45 EDT;60.98;13.99;7880000.0;0.0;21661.0;10705.6;0.032;0.016;0.06;0.08;0.0;0.0;0.0;0.0;0.0;7876183.6;0.0;7527720.0;0.0;0.0;0.0;7442581.0;7582.0;10486.0;28.3;28.3;28.3;28.3;30.2;15.6;889406.0;0.0;-74.0;0.0;-25053.0;0.85;18.06;0.23;0.0;0.0;0.0;1.0;1.0;1.0;1.0;14.6;19.6;7.6;18.0;0.3;0.8;0.0;0.0;0.0;1.0;1.0;1.0;1.0;1.4;1.3
2015-07-02 10:36:00 EDT;60.944;13.962;7880000.0;0.0;21661.0;10732.0;0.08;0.04;0.06;0.08;0.0;0.0;0.0;0.0;0.0;7876189.0;0.0;7527720.0;0.0;0.0;0.0;7442581.0;7720.0;10540.0;28.3;28.3;28.3;28.3;30.2;15.6;889406.0;0.0;-74.0;0.0;-25053.0;0.85;18.06;0.23;0.0;0.0;0.0;1.0;1.0;1.0;1.0;14.6;19.6;7.6;18.0;0.3;0.8;0.0;0.0;0.0;1.0;1.0;1.0;1.0;1.4;1.3
2015-07-02 10:36:15 EDT;60.89;13.92;7880000.0;0.0;21661.0;10732.0;0.08;0.04;0.06;0.08;0.0;0.0;0.0;0.0;0.0;7876189.0;0.0;7527720.0;0.0;0.0;0.0;7442581.0;7720.0;10540.0;28.3;28.3;28.3;28.3;30.2;15.6;889406.0;0.0;-74.0;0.0;-25053.0;0.85;18.06;0.23;0.0;0.0;0.0;1.0;1.0;1.0;1.0;14.6;19.6;7.6;17.966666667;0.3;0.8;0.0;0.0;0.0;1.0;1.0;1.0;1.0;1.4;1.3
2015-07-02 10:36:30 EDT;60.89;13.92;7880000.0;0.0;21661.0;10732.0;0.08;0.04;0.06;0.08;0.0;0.0;0.0;0.0;0.0;7876189.0;0.0;7527720.0;0.0;0.0;0.0;7442581.0;7720.0;10540.0;28.266666667;28.3;28.3;28.3;30.2;15.6;889337.66667;0.0;-48.333333333;0.0;-16702.0;0.85;17.99;0.23;0.0;0.0;0.0;1.0;1.0;1.0;1.0;14.6;19.6;7.6;17.9;0.3;0.8;0.0;0.0;0.0;1.0;1.0;1.0;1.0;1.4;1.3
2015-07-02 10:36:45 EDT;60.89;13.92;7880000.0;0.0;21661.0;10726.0;0.053333333333;0.026666666667;0.06;0.06;0.0;0.0;0.0;0.0;0.0;7876193.0;0.0;7527720.0;0.0;0.0;0.0;7442581.0;7683.3333333;11120.0;28.2;28.3;28.3;28.3;30.2;15.6;889201.0;0.0;3.0;0.0;0.0;0.85;17.85;0.23;0.0;0.0;0.0;1.0;1.0;1.0;1.0;14.6;19.6;7.6;17.9;0.3;0.8;0.0;0.0;0.0;1.0;1.0;1.0;1.0;1.4;1.3
2015-07-02 10:37:00 EDT;60.86;14.006666667;7880000.0;0.0;21661.0;10714.0;0.0;0.0;0.06;0.02;0.0;0.0;0.0;0.0;0.0;7876201.0;0.0;7527720.0;0.0;0.0;0.0;7442581.0;7610.0;12280.0;28.2;28.3;28.3;28.3;30.2;15.6;889201.0;0.0;3.0;0.0;0.0;0.85;17.85;0.23;0.0;0.0;0.0;1.0;1.0;1.0;1.0;14.6;19.6;7.6;17.9;0.3;0.8;0.0;0.0;0.0;1.0;1.0;1.0;1.0;1.4;1.3
2015-07-02 10:37:15 EDT;60.8;14.18;7880000.0;0.0;21661.0;10714.0;0.0;0.0;0.06;0.02;0.0;0.0;0.0;0.0;0.0;7876201.0;0.0;7527720.0;0.0;0.0;0.0;7442581.0;7610.0;12280.0;28.2;28.3;28.3;28.3;30.2;15.6;889201.0;0.0;3.0;0.0;0.0;0.85;17.85;0.23;0.0;0.0;0.0;1.0;1.0;1.0;1.0;14.6;19.6;7.6;17.9;0.3;0.8;0.0;0.0;0.0;1.0;1.0;1.0;1.0;1.4;1.3
2015-07-02 10:37:30 EDT;60.8;14.18;7880000.0;0.0;21661.0;10714.0;0.0;0.0;0.06;0.02;0.0;0.0;0.0;0.0;0.0;7876201.0;0.0;7527720.0;0.0;0.0;0.0;7442581.0;7610.0;12280.0;28.2;28.3;28.3;28.3;30.2;15.6;889201.0;0.0;3.0;0.0;0.0;0.85;17.85;0.23;0.0;0.0;0.0;1.0;1.0;1.0;1.0;14.56;19.6;7.6;17.9;0.3;0.8;0.0;0.0;0.0;1.0;1.0;1.0;1.0;1.4;1.3
2015-07-02 10:37:45 EDT;60.8;14.18;7880000.0;0.0;21661.0;10714.0;0.0;0.0;0.06;0.02;0.0;0.0;0.0;0.0;0.0;7876201.0;0.0;7527720.0;0.0;0.0;0.0;7442581.0;7610.0;12280.0;28.2;28.26;28.26;28.26;30.24;15.6;870086.6;0.0;1.8;0.0;0.0;0.846;17.594;0.234;0.0;0.0;0.0;1.0;1.0;1.0;1.0;14.5;19.6;7.6;17.9;0.3;0.8;0.0;0.0;0.0;1.0;1.0;1.0;1.0;1.4;1.3
2015-07-02 10:38:00 EDT;60.8;14.18;7880000.0;0.0;21661.0;10707.2;0.0;0.0;0.036;0.012;0.0;0.0;0.0;0.0;0.0;7876191.4;0.0;7527720.0;0.0;0.0;0.0;7442581.0;7630.0;11588.0;28.2;28.2;28.2;28.2;30.3;15.6;841415.0;0.0;0.0;0.0;0.0;0.84;17.21;0.24;0.0;0.0;0.0;1.0;1.0;1.0;1.0;14.5;19.6;7.6;17.9;0.3;0.8;0.0;0.0;0.0;1.0;1.0;1.0;1.0;1.4;1.3
2015-07-02 10:38:15 EDT;60.776;14.188;7880000.0;0.0;21661.0;10697.0;0.0;0.0;0.0;0.0;0.0;0.0;0.0;0.0;0.0;7876177.0;0.0;7527720.0;0.0;0.0;0.0;7442581.0;7660.0;10550.0;28.2;28.2;28.2;28.2;30.3;15.6;841415.0;0.0;0.0;0.0;0.0;0.84;17.21;0.24;0.0;0.0;0.0;1.0;1.0;1.0;1.0;14.5;19.6;7.6;17.9;0.3;0.8;0.0;0.0;0.0;1.0;1.0;1.0;1.0;1.4;1.3
2015-07-02 10:38:30 EDT;60.74;14.2;7880000.0;0.0;21661.0;10697.0;0.0;0.0;0.0;0.0;0.0;0.0;0.0;0.0;0.0;7876177.0;0.0;7527720.0;0.0;0.0;0.0;7442581.0;7660.0;10550.0;28.2;28.2;28.2;28.2;30.3;15.6;841415.0;0.0;0.0;0.0;0.0;0.84;17.21;0.24;0.0;0.0;0.0;1.0;1.0;1.0;1.0;14.5;19.6;7.6;17.9;0.3;0.8;0.0;0.0;0.0;1.0;1.0;1.0;1.0;1.4;1.3
2015-07-02 10:38:45 EDT;60.74;14.2;7880000.0;0.0;21661.0;10697.0;0.0;0.0;0.0;0.0;0.0;0.0;0.0;0.0;0.0;7876177.0;0.0;7527720.0;0.0;0.0;0.0;7442581.0;7660.0;10550.0;28.2;28.2;28.2;28.2;30.3;15.6;856783.33333;0.0;0.33333333333;0.0;0.0;0.84333333333;17.416666667;0.23666666667;0.0;0.0;0.0;1.0;1.0;1.0;1.0;14.5;19.6;7.6;17.9;0.3;0.8;0.0;0.0;0.0;1.0;1.0;1.0;1.0;1.4;1.3
2015-07-02 10:39:00 EDT;60.74;14.2;7880000.0;0.0;21661.0;10711.333333;0.04;0.0;0.0;0.0;0.0;0.0;0.0;0.0;0.0;7876181.6667;0.0;7527720.0;0.0;0.0;0.0;7442581.0;7520.0;10530.0;28.2;28.2;28.2;28.2;30.3;15.6;887520.0;0.0;1.0;0.0;0.0;0.85;17.83;0.23;0.0;0.0;0.0;1.0;1.0;1.0;1.0;14.5;19.6;7.6;17.9;0.3;0.8;0.0;0.0;0.0;1.0;1.0;1.0;1.0;1.4;1.3
2015-07-02 10:39:15 EDT;60.806666667;14.19;7880000.0;0.0;21661.0;10740.0;0.12;0.0;0.0;0.0;0.0;0.0;0.0;0.0;0.0;7876191.0;0.0;7527720.0;0.0;0.0;0.0;7442581.0;7240.0;10490.0;28.2;28.2;28.2;28.2;30.3;15.6;887520.0;0.0;1.0;0.0;0.0;0.85;17.83;0.23;0.0;0.0;0.0;1.0;1.0;1.0;1.0;14.5;19.6;7.6;17.9;0.3;0.8;0.0;0.0;0.0;1.0;1.0;1.0;1.0;1.4;1.3
2015-07-02 10:39:30 EDT;60.94;14.17;7880000.0;0.0;21661.0;10740.0;0.12;0.0;0.0;0.0;0.0;0.0;0.0;0.0;0.0;7876191.0;0.0;7527720.0;0.0;0.0;0.0;7442581.0;7240.0;10490.0;28.2;28.2;28.2;28.2;30.3;15.6;887520.0;0.0;1.0;0.0;0.0;0.85;17.83;0.23;0.0;0.0;0.0;1.0;1.0;1.0;1.0;14.5;19.6;7.6;17.9;0.3;0.8;0.0;0.0;0.0;1.0;1.0;1.0;1.0;1.4;1.3
2015-07-02 10:39:45 EDT;60.94;14.17;7880000.0;0.0;21661.0;10740.0;0.12;0.0;0.0;0.0;0.0;0.0;0.0;0.0;0.0;7876191.0;0.0;7527720.0;0.0;0.0;0.0;7442581.0;7240.0;10490.0;28.2;28.2;28.2;28.2;30.3;15.6;887520.0;0.0;1.0;0.0;0.0;0.85;17.83;0.23;0.0;0.0;0.0;1.0;1.0;1.0;1.0;14.5;19.6;7.6;17.9;0.3;0.8;0.0;0.0;0.0;1.0;1.0;1.0;1.0;1.4;1.3
2015-07-02 10:40:00 EDT;60.94;14.17;7880000.0;0.0;21661.0;10740.0;0.12;0.0;0.0;0.0;0.0;0.0;0.0;0.0;0.0;7876191.0;0.0;7527720.0;0.0;0.0;0.0;7442581.0;7240.0;10490.0;28.16;28.2;28.2;28.2;30.3;15.6;888512.4;0.0;0.6;0.0;0.0;0.85;17.846;0.23;0.0;0.0;0.0;1.0;1.0;1.0;1.0;14.5;19.6;7.6;17.9;0.3;0.8;0.0;0.0;0.0;1.0;1.0;1.0;1.0;1.4;1.3
2015-07-02 10:40:15 EDT;60.94;14.17;7880000.0;0.0;21661.0;10732.8;0.072;0.0;0.0;0.008;0.0;0.0;0.0;0.0;0.0;7876190.2;0.0;7527720.0;0.0;0.0;0.0;7442581.0;7216.0;10498.0;28.1;28.2;28.2;28.2;30.3;15.6;890001.0;0.0;0.0;0.0;0.0;0.85;17.87;0.23;0.0;0.0;0.0;1.0;1.0;1.0;1.0;14.5;19.6;7.6;17.9;0.3;0.8;0.0;0.0;0.0;1.0;1.0;1.0;1.0;1.4;1.3
2015-07-02 10:40:30 EDT;60.904;14.442;7880000.0;0.0;21661.0;10722.0;0.0;0.0;0.0;0.02;0.0;0.0;0.0;0.0;0.0;7876189.0;0.0;7527720.0;0.0;0.0;0.0;7442581.0;7180.0;10510.0;28.1;28.2;28.2;28.2;30.3;15.6;890001.0;0.0;0.0;0.0;0.0;0.85;17.87;0.23;0.0;0.0;0.0;1.0;1.0;1.0;1.0;14.5;19.6;7.6;17.9;0.3;0.8;0.0;0.0;0.0;1.0;1.0;1.0;1.0;1.4;1.3
2015-07-02 10:40:45 EDT;60.85;14.85;7880000.0;0.0;21661.0;10722.0;0.0;0.0;0.0;0.02;0.0;0.0;0.0;0.0;0.0;7876189.0;0.0;7527720.0;0.0;0.0;0.0;7442581.0;7180.0;10510.0;28.1;28.2;28.2;28.2;30.3;15.6;890001.0;0.0;0.0;0.0;0.0;0.85;17.87;0.23;0.0;0.0;0.0;1.0;1.0;1.0;1.0;14.5;19.6;7.6;17.9;0.3;0.8;0.0;0.0;0.0;1.0;1.0;1.0;1.0;1.4;1.3
2015-07-02 10:41:00 EDT;60.85;14.85;7880000.0;0.0;21661.0;10722.0;0.0;0.0;0.0;0.02;0.0;0.0;0.0;0.0;0.0;7876189.0;0.0;7527720.0;0.0;0.0;0.0;7442581.0;7180.0;10510.0;28.1;28.166666667;28.166666667;28.166666667;30.3;15.6;888456.66667;0.0;14.0;0.0;0.0;0.85;17.866666667;0.23;0.0;0.0;0.0;1.0;1.0;1.0;1.0;14.5;19.6;7.6;17.9;0.3;0.8;0.0;0.0;0.0;1.0;1.0;1.0;1.0;1.4;1.3
2015-07-02 10:41:15 EDT;60.85;14.85;7880000.0;0.0;21661.0;10716.0;0.0;0.0;0.0;0.02;0.0;0.0;0.0;0.0;0.0;7876188.3333;0.0;7527720.0;0.0;0.0;0.0;7442581.0;7166.6666667;10526.666667;28.1;28.1;28.1;28.1;30.3;15.6;885368.0;0.0;42.0;0.0;0.0;0.85;17.86;0.23;0.0;0.0;0.0;1.0;1.0;1.0;1.0;14.5;19.6;7.6;17.9;0.3;0.8;0.0;0.0;0.0;1.0;1.0;1.0;1.0;1.4;1.3
2015-07-02 10:41:30 EDT;60.816666667;14.54;7880000.0;0.0;21661.0;10704.0;0.0;0.0;0.0;0.02;0.0;0.0;0.0;0.0;0.0;7876187.0;0.0;7527720.0;0.0;0.0;0.0;7442581.0;7140.0;10560.0;28.1;28.1;28.1;28.1;30.3;15.6;885368.0;0.0;42.0;0.0;0.0;0.85;17.86;0.23;0.0;0.0;0.0;1.0;1.0;1.0;1.0;14.5;19.6;7.6;17.9;0.3;0.8;0.0;0.0;0.0;1.0;1.0;1.0;1.0;1.4;1.3
2015-07-02 10:41:45 EDT;60.75;13.92;7880000.0;0.0;21661.0;10704.0;0.0;0.0;0.0;0.02;0.0;0.0;0.0;0.0;0.0;7876187.0;0.0;7527720.0;0.0;0.0;0.0;7442581.0;7140.0;10560.0;28.1;28.1;28.1;28.1;30.3;15.6;885368.0;0.0;42.0;0.0;0.0;0.85;17.86;0.23;0.0;0.0;0.0;1.0;1.0;1.0;1.0;14.5;19.6;7.6;17.9;0.3;0.8;0.0;0.0;0.0;1.0;1.0;1.0;1.0;1.4;1.3
2015-07-02 10:42:00 EDT;60.75;13.92;7880000.0;0.0;21661.0;10704.0;0.0;0.0;0.0;0.02;0.0;0.0;0.0;0.0;0.0;7876187.0;0.0;7527720.0;0.0;0.0;0.0;7442581.0;7140.0;10560.0;28.1;28.1;28.1;28.1;30.333333333;15.6;824847.66667;0.0;29.333333333;0.0;0.0;0.85333333333;16.73;0.23;0.0;0.0;0.0;1.0;1.0;1.0;1.0;14.5;19.6;7.6;17.9;0.3;0.8;0.0;0.0;0.0;1.0;1.0;1.0;1.0;1.4;1.3
2015-07-02 10:42:15 EDT;60.75;13.92;7880000.0;0.0;21661.0;10709.666667;0.0;0.0;0.0;0.013333333333;0.0;0.0;0.0;0.0;0.0;7876186.3333;0.0;7527720.0;0.0;0.0;0.0;7442581.0;7173.3333333;10550.0;28.1;28.1;28.1;28.1;30.4;15.6;703807.0;0.0;4.0;0.0;0.0;0.86;14.47;0.23;0.0;0.0;0.0;1.0;1.0;1.0;1.0;14.5;19.6;7.6;17.9;0.3;0.8;0.0;0.0;0.0;1.0;1.0;1.0;1.0;1.4;1.3
2015-07-02 10:42:30 EDT;60.783333333;13.956666667;7880000.0;0.0;21661.0;10721.0;0.0;0.0;0.0;0.0;0.0;0.0;0.0;0.0;0.0;7876185.0;0.0;7527720.0;0.0;0.0;0.0;7442581.0;7240.0;10530.0;28.1;28.1;28.1;28.1;30.4;15.6;703807.0;0.0;4.0;0.0;0.0;0.86;14.47;0.23;0.0;0.0;0.0;1.0;1.0;1.0;1.0;14.5;19.6;7.6;17.9;0.3;0.8;0.0;0.0;0.0;1.0;1.0;1.0;1.0;1.4;1.3
2015-07-02 10:42:45 EDT;60.85;14.03;7880000.0;0.0;21661.0;10721.0;0.0;0.0;0.0;0.0;0.0;0.0;0.0;0.0;0.0;7876185.0;0.0;7527720.0;0.0;0.0;0.0;7442581.0;7240.0;10530.0;28.1;28.1;28.1;28.1;30.4;15.6;703807.0;0.0;4.0;0.0;0.0;0.86;14.47;0.23;0.0;0.0;0.0;1.0;1.0;1.0;1.0;14.5;19.6;7.6;17.9;0.3;0.8;0.0;0.0;0.0;1.0;1.0;1.0;1.0;1.4;1.3
2015-07-02 10:43:00 EDT;60.85;14.03;7880000.0;0.0;21661.0;10721.0;0.0;0.0;0.0;0.0;0.0;0.0;0.0;0.0;0.0;7876185.0;0.0;7527720.0;0.0;0.0;0.0;7442581.0;7240.0;10530.0;28.1;28.1;28.1;28.1;30.4;15.6;703807.0;0.0;4.0;0.0;0.0;0.86;14.47;0.23;0.0;0.0;0.0;1.0;1.0;1.0;1.0;14.5;19.6;7.6;17.9;0.3;0.8;0.0;0.0;0.0;1.0;1.0;1.0;1.0;1.4266666667;1.3
2015-07-02 10:43:15 EDT;60.85;14.03;7880000.0;0.0;21661.0;10721.0;0.0;0.0;0.0;0.0;0.0;0.0;0.0;0.0;0.0;7876185.0;0.0;7527720.0;0.0;0.0;0.0;7442581.0;7240.0;10530.0;28.073333333;28.1;28.1;28.1;30.4;15.6;537027.53333;0.0;2.9333333333;0.0;6674.9333333;0.82266666667;15.320666667;0.25666666667;0.0;0.0;0.0;1.0;1.0;1.0;1.0;14.5;19.6;7.6;17.9;0.3;0.8;0.0;0.0;0.0;1.0;1.0;1.0;1.0;1.5;1.3
2015-07-02 10:43:30 EDT;60.85;14.03;7880000.0;0.0;21661.0;10714.066667;0.0;0.010666666667;0.010666666667;0.0;0.0;0.0;0.0;0.0;0.0;7872542.0667;0.0;7519663.4667;0.0;0.0;0.0;7435800.4667;8557.3333333;11156.666667;28.0;28.1;28.1;28.1;30.4;15.6;78384.0;0.0;0.0;0.0;25031.0;0.72;17.66;0.33;0.0;0.0;0.0;1.0;1.0;1.0;1.0;14.5;19.6;7.6;17.9;0.3;0.8;0.0;0.0;0.0;1.0;1.0;1.0;1.0;1.5;1.3
2015-07-02 10:43:45 EDT;60.887333333;16.894;7877333.3333;0.0;21661.0;10695.0;0.0;0.04;0.04;0.0;0.0;0.0;0.0;0.0;0.0;7862524.0;0.0;7497508.0;0.0;0.0;0.0;7417154.0;12180.0;12880.0;28.0;28.1;28.1;28.1;30.4;15.6;78384.0;0.0;0.0;0.0;25031.0;0.72;17.66;0.33;0.0;0.0;0.0;1.0;1.0;1.0;1.0;14.5;19.6;7.6;17.9;0.3;0.8;0.0;0.0;0.0;1.0;1.0;1.0;1.0;1.5;1.3
2015-07-02 10:44:00 EDT;60.99;24.77;7870000.0;0.0;21661.0;10695.0;0.0;0.04;0.04;0.0;0.0;0.0;0.0;0.0;0.0;7862524.0;0.0;7497508.0;0.0;0.0;0.0;7417154.0;12180.0;12880.0;28.0;28.1;28.1;28.1;30.4;15.6;78384.0;0.0;0.0;0.0;25031.0;0.72;17.66;0.33;0.0;0.0;0.0;1.0;1.0;1.0;1.0;14.5;19.6;7.6;17.9;0.3;0.8;0.0;0.0;0.0;1.0;1.0;1.0;1.0;1.5;1.3
2015-07-02 10:44:15 EDT;60.99;24.77;7870000.0;0.0;21661.0;10695.0;0.0;0.04;0.04;0.0;0.0;0.0;0.0;0.0;0.0;7862524.0;0.0;7497508.0;0.0;0.0;0.0;7417154.0;12180.0;12880.0;28.0;28.1;28.1;28.1;30.4;15.6;78384.0;0.0;0.0;0.0;25031.0;0.72;17.66;0.33;0.0;0.0;0.0;1.0;1.0;1.0;1.0;14.5;19.6;7.6;17.92;0.3;0.8;0.0;0.0;0.0;1.0;1.0;1.0;1.0;1.5;1.3
2015-07-02 10:44:30 EDT;60.99;24.77;7870000.0;0.0;21661.0;10695.0;0.0;0.04;0.04;0.0;0.0;0.0;0.0;0.0;0.0;7862524.0;0.0;7497508.0;0.0;0.0;0.0;7417154.0;12180.0;12880.0;28.0;28.1;28.1;28.1;30.42;15.58;62707.2;0.0;0.0;0.0;20024.8;0.722;16.89;0.328;0.0;0.0;0.0;1.0;1.0;1.0;1.0;14.5;19.6;7.6;18.0;0.3;0.8;0.0;0.0;0.0;1.0;1.0;1.0;1.0;1.5;1.3
2015-07-02 10:44:45 EDT;60.99;24.77;7870000.0;0.0;21674.2;10693.6;0.0;0.032;0.032;0.004;0.0;0.0;0.0;0.0;0.0;7856487.4;0.0;7481169.6;0.0;0.0;0.0;7404434.2;11680.0;12782.0;28.0;28.1;28.1;28.1;30.5;15.5;0.0;0.0;0.0;0.0;0.0;0.73;13.81;0.32;0.0;0.0;0.0;1.0;1.0;1.0;1.0;14.5;19.6;7.6;18.0;0.3;0.8;0.0;0.0;0.0;1.0;1.0;1.0;1.0;1.5;1.3
2015-07-02 10:45:00 EDT;60.984;24.02;7862000.0;0.0;21727.0;10688.0;0.0;0.0;0.0;0.02;0.0;0.0;0.0;0.0;0.0;7832341.0;0.0;7415816.0;0.0;0.0;0.0;7353555.0;9680.0;12390.0;28.0;28.1;28.1;28.1;30.5;15.5;0.0;0.0;0.0;0.0;0.0;0.73;13.81;0.32;0.0;0.0;0.0;1.0;1.0;1.0;1.0;14.5;19.6;7.6;18.0;0.3;0.8;0.0;0.0;0.0;1.0;1.0;1.0;1.0;1.5;1.3
2015-07-02 10:45:15 EDT;60.96;21.02;7830000.0;0.0;21727.0;10688.0;0.0;0.0;0.0;0.02;0.0;0.0;0.0;0.0;0.0;7832341.0;0.0;7415816.0;0.0;0.0;0.0;7353555.0;9680.0;12390.0;28.0;28.1;28.1;28.1;30.5;15.5;0.0;0.0;0.0;0.0;0.0;0.73;13.81;0.32;0.0;0.0;0.0;1.0;1.0;1.0;1.0;14.5;19.586666667;7.6;18.0;0.3;0.8;0.0;0.0;0.0;1.0;1.0;1.0;1.0;1.5;1.3
2015-07-02 10:45:30 EDT;60.96;21.02;7830000.0;0.0;21727.0;10688.0;0.0;0.0;0.0;0.02;0.0;0.0;0.0;0.0;0.0;7832341.0;0.0;7415816.0;0.0;0.0;0.0;7353555.0;9680.0;12390.0;28.0;28.086666667;28.086666667;28.1;30.5;15.5;0.0;0.0;-3210.9333333;0.0;-2.2666666667;0.73133333333;14.462;0.31866666667;0.0;0.0;0.0;1.0;1.0;1.0;1.0;14.5;19.5;7.6;18.0;0.3;0.8;0.0;0.0;0.0;1.0;1.0;1.0;1.0;1.5;1.3
2015-07-02 10:45:45 EDT;60.96;21.02;7830000.0;0.0;21718.2;10690.8;0.0;0.013333333333;0.0;0.017333333333;0.0;0.0;0.0;0.0;0.0;7830377.6667;0.0;7407340.0;0.0;0.0;0.0;7346809.4;9646.6666667;12376.666667;28.0;28.0;28.0;28.1;30.5;15.5;0.0;0.0;-24082.0;0.0;-17.0;0.74;18.7;0.31;0.0;0.0;0.0;1.0;1.0;1.0;1.0;14.5;19.5;7.6;18.0;0.3;0.8;0.0;0.0;0.0;1.0;1.0;1.0;1.0;1.5;1.3
2015-07-02 10:46:00 EDT;60.94;21.02;7828666.6667;0.0;21661.0;10709.0;0.0;0.1;0.0;0.0;0.0;0.0;0.0;0.0;0.0;7817616.0;0.0;7352246.0;0.0;0.0;0.0;7302963.0;9430.0;12290.0;28.0;28.0;28.0;28.1;30.5;15.5;0.0;0.0;-24082.0;0.0;-17.0;0.74;18.7;0.31;0.0;0.0;0.0;1.0;1.0;1.0;1.0;14.5;19.5;7.6;18.0;0.3;0.8;0.0;0.0;0.0;1.0;1.0;1.0;1.0;1.5;1.3
2015-07-02 10:46:15 EDT;60.81;21.02;7820000.0;0.0;21661.0;10709.0;0.0;0.1;0.0;0.0;0.0;0.0;0.0;0.0;0.0;7817616.0;0.0;7352246.0;0.0;0.0;0.0;7302963.0;9430.0;12290.0;28.0;28.0;28.0;28.1;30.5;15.5;0.0;0.0;-24082.0;0.0;-17.0;0.74;18.7;0.31;0.0;0.0;0.0;1.0;1.0;1.0;1.0;14.5;19.5;7.6;18.0;0.3;0.8;0.0;0.0;0.0;1.0;1.0;1.0;1.0;1.5;1.3
2015-07-02 10:46:30 EDT;60.81;21.02;7820000.0;0.0;21661.0;10709.0;0.0;0.1;0.0;0.0;0.0;0.0;0.0;0.0;0.0;7817616.0;0.0;7352246.0;0.0;0.0;0.0;7302963.0;9430.0;12290.0;28.0;28.0;28.0;28.1;30.5;15.5;0.0;0.0;-24082.0;0.0;-17.0;0.74;18.7;0.31;0.0;0.0;0.0;1.0;1.0;1.0;1.0;14.5;19.5;7.5866666667;18.0;0.3;0.8;0.0;0.0;0.0;1.0;1.0;1.0;1.0;1.5;1.3133333333
2015-07-02 10:46:45 EDT;60.81;21.02;7820000.0;0.0;21661.0;10709.0;0.0;0.1;0.0;0.0;0.0;0.0;0.0;0.0;0.0;7817616.0;0.0;7352246.0;0.0;0.0;0.0;7302963.0;9430.0;12290.0;28.0;28.0;28.0;28.086666667;30.513333333;15.5;0.0;0.0;-20871.066667;0.0;-14.066666667;0.74133333333;18.653333333;0.31;0.0;0.0;0.0;1.0;1.0;1.0;1.0;14.5;19.5;7.5;18.0;0.3;0.8;0.0;0.0;0.0;1.0;1.0;1.0;1.0;1.5;1.4
2015-07-02 10:47:00 EDT;60.81;21.02;7820000.0;0.0;21661.0;10709.933333;0.0053333333333;0.092;0.008;0.0;0.0;0.0;0.0;0.0;0.0;7815976.2667;0.0;7344695.8667;0.0;0.0;0.0;7296748.2;9794.0;12294.0;28.0;28.0;28.0;28.0;30.6;15.5;0.0;0.0;0.0;0.0;5.0;0.75;18.35;0.31;0.0;0.0;0.0;1.0;1.0;1.0;1.0;14.5;19.5;7.5;18.0;0.3;0.8;0.0;0.0;0.0;1.0;1.0;1.0;1.0;1.5;1.4
2015-07-02 10:47:15 EDT;60.808666667;20.876;7818666.6667;0.0;21661.0;10716.0;0.04;0.04;0.06;0.0;0.0;0.0;0.0;0.0;0.0;7805318.0;0.0;7295620.0;0.0;0.0;0.0;7256352.0;12160.0;12320.0;28.0;28.0;28.0;28.0;30.6;15.5;0.0;0.0;0.0;0.0;5.0;0.75;18.35;0.31;0.0;0.0;0.0;1.0;1.0;1.0;1.0;14.5;19.5;7.5;18.0;0.3;0.8;0.0;0.0;0.0;1.0;1.0;1.0;1.0;1.5;1.4
2015-07-02 10:47:30 EDT;60.8;19.94;7810000.0;0.0;21661.0;10716.0;0.04;0.04;0.06;0.0;0.0;0.0;0.0;0.0;0.0;7805318.0;0.0;7295620.0;0.0;0.0;0.0;7256352.0;12160.0;12320.0;28.0;28.0;28.0;28.0;30.6;15.5;0.0;0.0;0.0;0.0;5.0;0.75;18.35;0.31;0.0;0.0;0.0;1.0;1.0;1.0;1.0;14.5;19.5;7.5;18.0;0.3;0.8;0.0;0.0;0.0;1.0;1.0;1.0;1.0;1.5066666667;1.4
2015-07-02 10:47:45 EDT;60.8;19.94;7810000.0;0.0;21661.0;10716.0;0.04;0.04;0.06;0.0;0.0;0.0;0.0;0.0;0.0;7805318.0;0.0;7295620.0;0.0;0.0;0.0;7256352.0;12160.0;12320.0;28.0;28.0;28.0;28.0;30.606666667;15.5;601.46666667;0.0;100.2;0.0;6.6666666667;0.73933333333;21.789333333;0.31666666667;0.0;0.0;0.0;1.0;1.0;1.0;1.0;14.5;19.5;7.5;18.0;0.3;0.8;0.0;0.0;0.0;1.0;1.0;1.0;1.0;1.6;1.4
2015-07-02 10:48:00 EDT;60.8;19.94;7810000.0;0.0;21661.0;10716.266667;0.037333333333;0.04;0.06;0.0;0.0;0.0;0.0;0.0;0.0;7804587.8667;0.0;7292639.9333;0.0;0.0;0.0;7250899.6667;13801.333333;12195.333333;28.0;28.0;28.0;28.0;30.7;15.5;9022.0;0.0;1503.0;0.0;30.0;0.59;69.94;0.41;0.0;0.0;0.0;1.0;1.0;1.0;1.0;14.5;19.5;7.5;18.0;0.3;0.8;0.0;0.0;0.0;1.0;1.0;1.0;1.0;1.6;1.4
2015-07-02 10:48:15 EDT;60.801333333;19.981333333;7809333.3333;0.0;21661.0;10720.0;0.0;0.04;0.06;0.0;0.0;0.0;0.0;0.0;0.0;7794366.0;0.0;7250919.0;0.0;0.0;0.0;7174567.0;36780.0;10450.0;28.0;28.0;28.0;28.0;30.7;15.5;9022.0;0.0;1503.0;0.0;30.0;0.59;69.94;0.41;0.0;0.0;0.0;1.0;1.0;1.0;1.0;14.5;19.5;7.5;18.0;0.3;0.8;0.0;0.0;0.0;1.0;1.0;1.0;1.0;1.6;1.4
2015-07-02 10:48:30 EDT;60.82;20.56;7800000.0;0.0;21661.0;10720.0;0.0;0.04;0.06;0.0;0.0;0.0;0.0;0.0;0.0;7794366.0;0.0;7250919.0;0.0;0.0;0.0;7174567.0;36780.0;10450.0;28.0;28.0;28.0;28.0;30.7;15.5;9022.0;0.0;1503.0;0.0;30.0;0.59;69.94;0.41;0.0;0.0;0.0;1.0;1.0;1.0;1.0;14.5;19.5;7.5;18.0;0.3;0.8;0.0;0.0;0.0;1.0;1.0;1.0;1.0;1.6;1.4
2015-07-02 10:48:45 EDT;60.82;20.56;7800000.0;0.0;21661.0;10720.0;0.0;0.04;0.06;0.0;0.0;0.0;0.0;0.0;0.0;7794366.0;0.0;7250919.0;0.0;0.0;0.0;7174567.0;36780.0;10450.0;28.0;28.0;28.0;28.0;30.7;15.5;9022.0;0.0;1503.0;0.0;30.0;0.59;69.94;0.41;0.0;0.0;0.0;1.0;1.0;1.0;1.0;14.5;19.5;7.5;17.993333333;0.3;0.8;0.0;0.0;0.0;1.0;1.0;1.0;1.0;1.6;1.4
2015-07-02 10:49:00 EDT;60.82;20.56;7800000.0;0.0;21661.0;10720.0;0.0;0.04;0.06;0.0;0.0;0.0;0.0;0.0;0.0;7794366.0;0.0;7250919.0;0.0;0.0;0.0;7174567.0;36780.0;10450.0;28.0;28.0;28.0;28.0;30.7;15.493333333;61612.4;0.0;2207.1333333;0.0;28.0;0.60533333333;66.404666667;0.398;0.0;0.0;0.0;1.0;1.0;1.0;1.0;14.5;19.5;7.5;17.9;0.3;0.8;0.0;0.0;0.0;1.0;1.0;1.0;1.0;1.6;1.4
2015-07-02 10:49:15 EDT;60.82;20.56;7800000.0;0.0;21661.0;10721.866667;0.0;0.04;0.062666666667;0.0013333333333;0.0;0.0;0.0;0.0;0.0;7793568.9333;0.0;7250908.2667;0.0;0.0;0.0;7171835.4667;34804.0;10454.0;28.0;28.0;28.0;28.0;30.7;15.4;797878.0;0.0;12065.0;0.0;0.0;0.82;16.91;0.23;0.0;0.0;0.0;1.0;1.0;1.0;1.0;14.5;19.5;7.5;17.9;0.3;0.8;0.0;0.0;0.0;1.0;1.0;1.0;1.0;1.6;1.4
2015-07-02 10:49:30 EDT;60.830666667;20.134666667;7798666.6667;0.0;21661.0;10748.0;0.0;0.04;0.1;0.02;0.0;0.0;0.0;0.0;0.0;7782410.0;0.0;7250758.0;0.0;0.0;0.0;7133594.0;7140.0;10510.0;28.0;28.0;28.0;28.0;30.7;15.4;797878.0;0.0;12065.0;0.0;0.0;0.82;16.91;0.23;0.0;0.0;0.0;1.0;1.0;1.0;1.0;14.5;19.5;7.5;17.9;0.3;0.8;0.0;0.0;0.0;1.0;1.0;1.0;1.0;1.6;1.4
2015-07-02 10:49:45 EDT;60.98;14.18;7780000.0;0.0;21661.0;10748.0;0.0;0.04;0.1;0.02;0.0;0.0;0.0;0.0;0.0;7782410.0;0.0;7250758.0;0.0;0.0;0.0;7133594.0;7140.0;10510.0;28.0;28.0;28.0;28.0;30.7;15.4;797878.0;0.0;12065.0;0.0;0.0;0.82;16.91;0.23;0.0;0.0;0.0;1.0;1.0;1.0;1.0;14.48;19.5;7.5;17.9;0.3;0.8;0.0;0.0;0.0;1.0;1.0;1.0;1.0;1.6;1.4
2015-07-02 10:50:00 EDT;60.98;14.18;7780000.0;0.0;21661.0;10748.0;0.0;0.04;0.1;0.02;0.0;0.0;0.0;0.0;0.0;7782410.0;0.0;7250758.0;0.0;0.0;0.0;7133594.0;7140.0;10510.0;27.98;28.0;27.98;28.0;30.7;15.4;815912.2;0.0;9652.0;0.0;0.0;0.826;17.1;0.23;0.0;0.0;0.0;1.0;1.0;1.0;1.0;14.4;19.5;7.5;17.9;0.3;0.8;0.0;0.0;0.0;1.0;1.0;1.0;1.0;1.6;1.4
2015-07-02 10:50:15 EDT;60.98;14.18;7780000.0;0.0;21661.0;10745.2;0.0;0.032;0.08;0.02;0.0;0.0;0.0;0.0;0.0;7782409.8;0.0;7250758.0;0.0;0.0;0.0;7133594.0;7034.0;10518.0;27.9;28.0;27.9;28.0;30.7;15.4;888049.0;0.0;0.0;0.0;0.0;0.85;17.86;0.23;0.0;0.0;0.0;1.0;1.0;1.0;1.0;14.4;19.5;7.5;17.9;0.3;0.8;0.0;0.0;0.0;1.0;1.0;1.0;1.0;1.6;1.4
2015-07-02 10:50:30 EDT;60.966;14.164;7780000.0;0.0;21661.0;10734.0;0.0;0.0;0.0;0.02;0.0;0.0;0.0;0.0;0.0;7782409.0;0.0;7250758.0;0.0;0.0;0.0;7133594.0;6610.0;10550.0;27.9;28.0;27.9;28.0;30.7;15.4;888049.0;0.0;0.0;0.0;0.0;0.85;17.86;0.23;0.0;0.0;0.0;1.0;1.0;1.0;1.0;14.4;19.5;7.5;17.9;0.3;0.8;0.0;0.0;0.0;1.0;1.0;1.0;1.0;1.6;1.4
2015-07-02 10:50:45 EDT;60.91;14.1;7780000.0;0.0;21661.0;10734.0;0.0;0.0;0.0;0.02;0.0;0.0;0.0;0.0;0.0;7782409.0;0.0;7250758.0;0.0;0.0;0.0;7133594.0;6610.0;10550.0;27.9;28.0;27.9;28.0;30.7;15.4;888049.0;0.0;0.0;0.0;0.0;0.85;17.86;0.23;0.0;0.0;0.0;1.0;1.0;1.0;1.0;14.4;19.5;7.5;17.9;0.3;0.8;0.0;0.0;0.0;1.0;1.0;1.0;1.0;1.6;1.4
2015-07-02 10:51:00 EDT;60.91;14.1;7780000.0;0.0;21661.0;10734.0;0.0;0.0;0.0;0.02;0.0;0.0;0.0;0.0;0.0;7782409.0;0.0;7250758.0;0.0;0.0;0.0;7133594.0;6610.0;10550.0;27.9;28.0;27.9;28.0;30.7;15.4;888049.0;0.0;0.0;0.0;0.0;0.85;17.86;0.23;0.0;0.0;0.0;1.0;1.0;1.0;1.0;14.4;19.5;7.5;17.9;0.3;0.8;0.0;0.0;0.0;1.0;1.0;1.0;1.0;1.6;1.4
2015-07-02 10:51:15 EDT;60.91;14.1;7780000.0;0.0;21661.0;10734.0;0.0;0.0;0.0;0.02;0.0;0.0;0.0;0.0;0.0;7782409.0;0.0;7250758.0;0.0;0.0;0.0;7133594.0;6610.0;10550.0;27.9;27.98;27.9;27.98;30.7;15.4;889071.4;0.0;2.0;0.0;0.0;0.85;17.906;0.232;0.0;0.0;0.0;1.0;1.0;1.0;1.0;14.4;19.5;7.5;17.9;0.3;0.8;0.0;0.0;0.0;1.0;1.0;1.0;1.0;1.6;1.4
2015-07-02 10:51:30 EDT;60.91;14.1;7780000.0;0.0;21661.0;10730.4;0.0;0.0;0.008;0.02;0.0;0.0;0.0;0.0;0.0;7782409.0;0.0;7250758.0;0.0;0.0;0.0;7133594.0;6680.0;10550.0;27.9;27.9;27.9;27.9;30.7;15.4;893161.0;0.0;10.0;0.0;0.0;0.85;18.09;0.24;0.0;0.0;0.0;1.0;1.0;1.0;1.0;14.4;19.5;7.5;17.9;0.3;0.8;0.0;0.0;0.0;1.0;1.0;1.0;1.0;1.6;1.4
2015-07-02 10:51:45 EDT;60.892;13.978;7780000.0;0.0;21661.0;10716.0;0.0;0.0;0.04;0.02;0.0;0.0;0.0;0.0;0.0;7782409.0;0.0;7250758.0;0.0;0.0;0.0;7133594.0;6960.0;10550.0;27.9;27.9;27.9;27.9;30.7;15.4;893161.0;0.0;10.0;0.0;0.0;0.85;18.09;0.24;0.0;0.0;0.0;1.0;1.0;1.0;1.0;14.4;19.5;7.5;17.9;0.3;0.8;0.0;0.0;0.0;1.0;1.0;1.0;1.0;1.6;1.4
2015-07-02 10:52:00 EDT;60.82;13.49;7780000.0;0.0;21661.0;10716.0;0.0;0.0;0.04;0.02;0.0;0.0;0.0;0.0;0.0;7782409.0;0.0;7250758.0;0.0;0.0;0.0;7133594.0;6960.0;10550.0;27.9;27.9;27.9;27.9;30.7;15.4;893161.0;0.0;10.0;0.0;0.0;0.85;18.09;0.24;0.0;0.0;0.0;1.0;1.0;1.0;1.0;14.4;19.5;7.5;17.9;0.3;0.8;0.0;0.0;0.0;1.0;1.0;1.0;1.0;1.6;1.4
2015-07-02 10:52:15 EDT;60.82;13.49;7780000.0;0.0;21661.0;10716.0;0.0;0.0;0.04;0.02;0.0;0.0;0.0;0.0;0.0;7782409.0;0.0;7250758.0;0.0;0.0;0.0;7133594.0;6960.0;10550.0;27.9;27.9;27.9;27.9;30.7;15.4;892098.6;0.0;9.8;0.0;0.0;0.85;18.046;0.238;0.0;0.0;0.0;1.0;1.0;1.0;1.0;14.4;19.5;7.5;17.9;0.3;0.8;0.0;0.0;0.0;1.0;1.0;1.0;1.0;1.6;1.4
2015-07-02 10:52:30 EDT;60.82;13.49;7780000.0;0.0;21661.0;10712.6;0.008;0.016;0.06;0.016;0.0;0.0;0.0;0.0;0.0;7782408.8;0.0;7250758.0;0.0;0.0;0.0;7133594.0;6964.0;10548.0;27.9;27.9;27.9;27.9;30.7;15.4;887849.0;0.0;9.0;0.0;0.0;0.85;17.87;0.23;0.0;0.0;0.0;1.0;1.0;1.0;1.0;14.4;19.5;7.5;17.9;0.3;0.8;0.0;0.0;0.0;1.0;1.0;1.0;1.0;1.6;1.4
2015-07-02 10:52:45 EDT;60.804;13.678;7780000.0;0.0;21661.0;10699.0;0.04;0.08;0.14;0.0;0.0;0.0;0.0;0.0;0.0;7782408.0;0.0;7250758.0;0.0;0.0;0.0;7133594.0;6980.0;10540.0;27.9;27.9;27.9;27.9;30.7;15.4;887849.0;0.0;9.0;0.0;0.0;0.85;17.87;0.23;0.0;0.0;0.0;1.0;1.0;1.0;1.0;14.4;19.5;7.5;17.9;0.3;0.8;0.0;0.0;0.0;1.0;1.0;1.0;1.0;1.6;1.4
2015-07-02 10:53:00 EDT;60.74;14.43;7780000.0;0.0;21661.0;10699.0;0.04;0.08;0.14;0.0;0.0;0.0;0.0;0.0;0.0;7782408.0;0.0;7250758.0;0.0;0.0;0.0;7133594.0;6980.0;10540.0;27.9;27.9;27.9;27.9;30.7;15.4;887849.0;0.0;9.0;0.0;0.0;0.85;17.87;0.23;0.0;0.0;0.0;1.0;1.0;1.0;1.0;14.4;19.5;7.5;17.9;0.3;0.8;0.0;0.0;0.0;1.0;1.0;1.0;1.0;1.6;1.4
2015-07-02 10:53:15 EDT;60.74;14.43;7780000.0;0.0;21661.0;10699.0;0.04;0.08;0.14;0.0;0.0;0.0;0.0;0.0;0.0;7782408.0;0.0;7250758.0;0.0;0.0;0.0;7133594.0;6980.0;10540.0;27.9;27.9;27.9;27.9;30.7;15.4;887849.0;0.0;9.0;0.0;0.0;0.85;17.87;0.23;0.0;0.0;0.0;1.0;1.0;1.0;1.0;14.4;19.5;7.5;17.9;0.3;0.8;0.0;0.0;0.0;1.0;1.0;1.0;1.0;1.6;1.4
2015-07-02 10:53:30 EDT;60.74;14.43;7780000.0;0.0;21661.0;10699.0;0.04;0.08;0.14;0.0;0.0;0.0;0.0;0.0;0.0;7782408.0;0.0;7250758.0;0.0;0.0;0.0;7133594.0;6980.0;10540.0;27.88;27.9;27.9;27.9;30.72;15.4;881351.8;0.0;8.6;0.0;0.0;0.848;17.774;0.232;0.0;0.0;0.0;1.0;1.0;1.0;1.0;14.4;19.5;7.5;17.9;0.3;0.8;0.0;0.0;0.0;1.0;1.0;1.0;1.0;1.6;1.4
2015-07-02 10:53:45 EDT;60.74;14.43;7780000.0;0.0;21661.0;10707.8;0.036;0.084;0.112;0.0;0.0;0.0;0.0;0.0;0.0;7782408.4;0.0;7250758.0;0.0;0.0;0.0;7133594.0;7020.0;10524.0;27.8;27.9;27.9;27.9;30.8;15.4;855363.0;0.0;7.0;0.0;0.0;0.84;17.39;0.24;0.0;0.0;0.0;1.0;1.0;1.0;1.0;14.4;19.5;7.5;17.9;0.3;0.8;0.0;0.0;0.0;1.0;1.0;1.0;1.0;1.6;1.4
2015-07-02 10:54:00 EDT;60.782;13.828;7780000.0;0.0;21661.0;10743.0;0.02;0.1;0.0;0.0;0.0;0.0;0.0;0.0;0.0;7782410.0;0.0;7250758.0;0.0;0.0;0.0;7133594.0;7180.0;10460.0;27.8;27.9;27.9;27.9;30.8;15.4;855363.0;0.0;7.0;0.0;0.0;0.84;17.39;0.24;0.0;0.0;0.0;1.0;1.0;1.0;1.0;14.4;19.5;7.5;17.9;0.3;0.8;0.0;0.0;0.0;1.0;1.0;1.0;1.0;1.6;1.4
2015-07-02 10:54:15 EDT;60.95;11.42;7780000.0;0.0;21661.0;10743.0;0.02;0.1;0.0;0.0;0.0;0.0;0.0;0.0;0.0;7782410.0;0.0;7250758.0;0.0;0.0;0.0;7133594.0;7180.0;10460.0;27.8;27.9;27.9;27.9;30.8;15.4;855363.0;0.0;7.0;0.0;0.0;0.84;17.39;0.24;0.0;0.0;0.0;1.0;1.0;1.0;1.0;14.4;19.5;7.5;17.9;0.3;0.8;0.0;0.0;0.0;1.0;1.0;1.0;1.0;1.6;1.4
2015-07-02 10:54:30 EDT;60.95;11.42;7780000.0;0.0;21661.0;10743.0;0.02;0.1;0.0;0.0;0.0;0.0;0.0;0.0;0.0;7782410.0;0.0;7250758.0;0.0;0.0;0.0;7133594.0;7180.0;10460.0;27.8;27.873333333;27.873333333;27.873333333;30.8;15.4;862867.53333;0.0;12.6;0.0;0.0;0.84;17.47;0.23733333333;0.0;0.0;0.0;1.0;1.0;1.0;1.0;14.4;19.5;7.5;17.9;0.3;0.8;0.0;0.0;0.0;1.0;1.0;1.0;1.0;1.6;1.4
2015-07-02 10:54:45 EDT;60.95;11.42;7780000.0;0.0;21661.0;10737.933333;0.041333333333;0.089333333333;0.0;0.0053333333333;0.0;0.0;0.0;0.0;0.0;7782409.4667;0.0;7250758.0;0.0;0.0;0.0;7133594.0;7164.0;10476.0;27.8;27.8;27.8;27.8;30.8;15.4;883505.0;0.0;28.0;0.0;0.0;0.84;17.69;0.23;0.0;0.0;0.0;1.0;1.0;1.0;1.0;14.4;19.5;7.5;17.9;0.3;0.8;0.0;0.0;0.0;1.0;1.0;1.0;1.0;1.6;1.4
2015-07-02 10:55:00 EDT;60.926;12.025333333;7780000.0;0.0;21661.0;10724.0;0.1;0.06;0.0;0.02;0.0;0.0;0.0;0.0;0.0;7782408.0;0.0;7250758.0;0.0;0.0;0.0;7133594.0;7120.0;10520.0;27.8;27.8;27.8;27.8;30.8;15.4;883505.0;0.0;28.0;0.0;0.0;0.84;17.69;0.23;0.0;0.0;0.0;1.0;1.0;1.0;1.0;14.4;19.5;7.5;17.9;0.3;0.8;0.0;0.0;0.0;1.0;1.0;1.0;1.0;1.6;1.4
2015-07-02 10:55:15 EDT;60.86;13.69;7780000.0;0.0;21661.0;10724.0;0.1;0.06;0.0;0.02;0.0;0.0;0.0;0.0;0.0;7782408.0;0.0;7250758.0;0.0;0.0;0.0;7133594.0;7120.0;10520.0;27.8;27.8;27.8;27.8;30.8;15.4;883505.0;0.0;28.0;0.0;0.0;0.84;17.69;0.23;0.0;0.0;0.0;1.0;1.0;1.0;1.0;14.4;19.5;7.5;17.9;0.3;0.8;0.0;0.0;0.0;1.0;1.0;1.0;1.0;1.6;1.4
2015-07-02 10:55:30 EDT;60.86;13.69;7780000.0;0.0;21661.0;10724.0;0.1;0.06;0.0;0.02;0.0;0.0;0.0;0.0;0.0;7782408.0;0.0;7250758.0;0.0;0.0;0.0;7133594.0;7120.0;10520.0;27.8;27.8;27.8;27.8;30.8;15.4;883505.0;0.0;28.0;0.0;0.0;0.84;17.69;0.23;0.0;0.0;0.0;1.0;1.0;1.0;1.0;14.4;19.5;7.5;17.9;0.3;0.8;0.0;0.0;0.0;1.0;1.0;1.0;1.0;1.6;1.4
2015-07-02 10:55:45 EDT;60.86;13.69;7780000.0;0.0;21661.0;10724.0;0.1;0.06;0.0;0.02;0.0;0.0;0.0;0.0;0.0;7782408.0;0.0;7250758.0;0.0;0.0;0.0;7133594.0;7120.0;10520.0;27.8;27.8;27.8;27.8;30.8;15.4;884863.66667;0.0;0.0;0.0;0.0;0.84333333333;17.74;0.23;0.0;0.0;0.0;1.0;1.0;1.0;1.0;14.4;19.5;7.5;17.9;0.3;0.8;0.0;0.0;0.0;1.0;1.0;1.0;1.0;1.6;1.4
2015-07-02 10:56:00 EDT;60.86;13.69;7780000.0;0.0;21661.0;10718.333333;0.066666666667;0.04;0.0;0.013333333333;0.0;0.0;0.0;0.0;0.0;7782409.6667;0.0;7250758.0;0.0;0.0;0.0;7133594.0;7166.6666667;10526.666667;27.8;27.8;27.8;27.8;30.8;15.4;887581.0;0.0;-56.0;0.0;0.0;0.85;17.84;0.23;0.0;0.0;0.0;1.0;1.0;1.0;1.0;14.4;19.5;7.5;17.9;0.3;0.8;0.0;0.0;0.0;1.0;1.0;1.0;1.0;1.6;1.4
2015-07-02 10:56:15 EDT;60.83;13.626666667;7780000.0;0.0;21661.0;10707.0;0.0;0.0;0.0;0.0;0.0;0.0;0.0;0.0;0.0;7782413.0;0.0;7250758.0;0.0;0.0;0.0;7133594.0;7260.0;10540.0;27.8;27.8;27.8;27.8;30.8;15.4;887581.0;0.0;-56.0;0.0;0.0;0.85;17.84;0.23;0.0;0.0;0.0;1.0;1.0;1.0;1.0;14.4;19.5;7.5;17.9;0.3;0.8;0.0;0.0;0.0;1.0;1.0;1.0;1.0;1.6;1.4
2015-07-02 10:56:30 EDT;60.77;13.5;7780000.0;0.0;21661.0;10707.0;0.0;0.0;0.0;0.0;0.0;0.0;0.0;0.0;0.0;7782413.0;0.0;7250758.0;0.0;0.0;0.0;7133594.0;7260.0;10540.0;27.8;27.8;27.8;27.8;30.8;15.4;887581.0;0.0;-56.0;0.0;0.0;0.85;17.84;0.23;0.0;0.0;0.0;1.0;1.0;1.0;1.0;14.4;19.5;7.5;17.9;0.3;0.8;0.0;0.0;0.0;1.0;1.0;1.0;1.0;1.6;1.4
2015-07-02 10:56:45 EDT;60.77;13.5;7780000.0;0.0;21661.0;10707.0;0.0;0.0;0.0;0.0;0.0;0.0;0.0;0.0;0.0;7782413.0;0.0;7250758.0;0.0;0.0;0.0;7133594.0;7260.0;10540.0;27.766666667;27.8;27.8;27.8;30.8;15.4;886645.0;0.0;-34.333333333;0.0;0.0;0.85;17.84;0.23;0.0;0.0;0.0;1.0;1.0;1.0;1.0;14.4;19.5;7.5;17.9;0.3;0.8;0.0;0.0;0.0;1.0;1.0;1.0;1.0;1.6;1.4
2015-07-02 10:57:00 EDT;60.77;13.5;7780000.0;0.0;21661.0;10700.666667;0.0;0.0;0.02;0.0;0.0;0.0;0.0;0.0;0.0;7782408.3333;0.0;7250758.0;0.0;0.0;0.0;7133594.0;7186.6666667;10540.0;27.7;27.8;27.8;27.8;30.8;15.4;884773.0;0.0;9.0;0.0;0.0;0.85;17.84;0.23;0.0;0.0;0.0;1.0;1.0;1.0;1.0;14.4;19.5;7.5;17.9;0.3;0.8;0.0;0.0;0.0;1.0;1.0;1.0;1.0;1.6;1.4
2015-07-02 10:57:15 EDT;60.85;13.5;7780000.0;0.0;21661.0;10688.0;0.0;0.0;0.06;0.0;0.0;0.0;0.0;0.0;0.0;7782399.0;0.0;7250758.0;0.0;0.0;0.0;7133594.0;7040.0;10540.0;27.7;27.8;27.8;27.8;30.8;15.4;884773.0;0.0;9.0;0.0;0.0;0.85;17.84;0.23;0.0;0.0;0.0;1.0;1.0;1.0;1.0;14.4;19.5;7.5;17.9;0.3;0.8;0.0;0.0;0.0;1.0;1.0;1.0;1.0;1.6;1.4
2015-07-02 10:57:30 EDT;61.01;13.5;7780000.0;0.0;21661.0;10688.0;0.0;0.0;0.06;0.0;0.0;0.0;0.0;0.0;0.0;7782399.0;0.0;7250758.0;0.0;0.0;0.0;7133594.0;7040.0;10540.0;27.7;27.8;27.8;27.8;30.8;15.4;884773.0;0.0;9.0;0.0;0.0;0.85;17.84;0.23;0.0;0.0;0.0;1.0;1.0;1.0;1.0;14.4;19.466666667;7.5;17.9;0.3;0.8;0.0;0.0;0.0;1.0;1.0;1.0;1.0;1.6;1.4
2015-07-02 10:57:45 EDT;61.01;13.5;7780000.0;0.0;21661.0;10688.0;0.0;0.0;0.06;0.0;0.0;0.0;0.0;0.0;0.0;7782399.0;0.0;7250758.0;0.0;0.0;0.0;7133594.0;7040.0;10540.0;27.7;27.766666667;27.766666667;27.8;30.8;15.4;824410.66667;0.0;7.3333333333;0.0;0.0;0.85333333333;16.706666667;0.23;0.0;0.0;0.0;1.0;1.0;1.0;1.0;14.4;19.4;7.5;17.9;0.3;0.8;0.0;0.0;0.0;1.0;1.0;1.0;1.0;1.6;1.4
2015-07-02 10:58:00 EDT;61.01;13.5;7780000.0;0.0;21661.0;10694.0;0.0;0.0066666666667;0.04;0.013333333333;0.0;0.0;0.0;0.0;0.0;7782405.3333;0.0;7250758.0;0.0;0.0;0.0;7133594.0;6790.0;10536.666667;27.7;27.7;27.7;27.8;30.8;15.4;703686.0;0.0;4.0;0.0;0.0;0.86;14.44;0.23;0.0;0.0;0.0;1.0;1.0;1.0;1.0;14.4;19.4;7.5;17.9;0.3;0.8;0.0;0.0;0.0;1.0;1.0;1.0;1.0;1.6;1.4
2015-07-02 10:58:15 EDT;60.93;13.586666667;7780000.0;0.0;21661.0;10706.0;0.0;0.02;0.0;0.04;0.0;0.0;0.0;0.0;0.0;7782418.0;0.0;7250758.0;0.0;0.0;0.0;7133594.0;6290.0;10530.0;27.7;27.7;27.7;27.8;30.8;15.4;703686.0;0.0;4.0;0.0;0.0;0.86;14.44;0.23;0.0;0.0;0.0;1.0;1.0;1.0;1.0;14.4;19.4;7.5;17.9;0.3;0.8;0.0;0.0;0.0;1.0;1.0;1.0;1.0;1.6;1.4
2015-07-02 10:58:30 EDT;60.77;13.76;7780000.0;0.0;21661.0;10706.0;0.0;0.02;0.0;0.04;0.0;0.0;0.0;0.0;0.0;7782418.0;0.0;7250758.0;0.0;0.0;0.0;7133594.0;6290.0;10530.0;27.7;27.7;27.7;27.8;30.8;15.4;703686.0;0.0;4.0;0.0;0.0;0.86;14.44;0.23;0.0;0.0;0.0;1.0;1.0;1.0;1.0;14.4;19.4;7.5;17.9;0.3;0.8;0.0;0.0;0.0;1.0;1.0;1.0;1.0;1.6;1.4
2015-07-02 10:58:45 EDT;60.77;13.76;7780000.0;0.0;21661.0;10706.0;0.0;0.02;0.0;0.04;0.0;0.0;0.0;0.0;0.0;7782418.0;0.0;7250758.0;0.0;0.0;0.0;7133594.0;6290.0;10530.0;27.7;27.7;27.7;27.8;30.8;15.4;703686.0;0.0;4.0;0.0;0.0;0.86;14.44;0.23;0.0;0.0;0.0;1.0;1.0;1.0;1.0;14.4;19.4;7.5;17.9;0.3;0.8;0.0;0.0;0.0;1.0;1.0;1.0;1.0;1.6;1.4
2015-07-02 10:59:00 EDT;60.77;13.76;7780000.0;0.0;21661.0;10706.0;0.0;0.02;0.0;0.04;0.0;0.0;0.0;0.0;0.0;7782418.0;0.0;7250758.0;0.0;0.0;0.0;7133594.0;6290.0;10530.0;27.7;27.7;27.7;27.766666667;30.833333333;15.4;469124.0;0.0;2.6666666667;0.0;3.0;0.80333333333;15.803333333;0.27;0.0;0.0;0.0;1.0;1.0;1.0;1.0;14.4;19.4;7.5;17.9;0.3;0.8;0.0;0.0;0.0;1.0;1.0;1.0;1.0;1.6;1.4
2015-07-02 10:59:15 EDT;60.77;13.76;7780000.0;0.0;21661.0;10710.333333;0.013333333333;0.046666666667;0.04;0.08;0.0;0.0;0.0;0.0;0.0;7773346.3333;0.0;7232938.0;0.0;0.0;0.0;7118810.0;7980.0;11240.0;27.7;27.7;27.7;27.7;30.9;15.4;0.0;0.0;0.0;0.0;9.0;0.69;18.53;0.35;0.0;0.0;0.0;1.0;1.0;1.0;1.0;14.4;19.4;7.5;17.9;0.3;0.8;0.0;0.0;0.0;1.0;1.0;1.0;1.0;1.6;1.4
2015-07-02 10:59:30 EDT;60.776666667;16.803333333;7773333.3333;0.0;21661.0;10719.0;0.04;0.1;0.12;0.16;0.0;0.0;0.0;0.0;0.0;7755203.0;0.0;7197298.0;0.0;0.0;0.0;7089242.0;11360.0;12660.0;27.7;27.7;27.7;27.7;30.9;15.4;0.0;0.0;0.0;0.0;9.0;0.69;18.53;0.35;0.0;0.0;0.0;1.0;1.0;1.0;1.0;14.4;19.4;7.5;17.9;0.3;0.8;0.0;0.0;0.0;1.0;1.0;1.0;1.0;1.6;1.4
2015-07-02 10:59:45 EDT;60.79;22.89;7760000.0;0.0;21661.0;10719.0;0.04;0.1;0.12;0.16;0.0;0.0;0.0;0.0;0.0;7755203.0;0.0;7197298.0;0.0;0.0;0.0;7089242.0;11360.0;12660.0;27.7;27.7;27.7;27.7;30.9;15.4;0.0;0.0;0.0;0.0;9.0;0.69;18.53;0.35;0.0;0.0;0.0;1.0;1.0;1.0;1.0;14.4;19.4;7.5;17.9;0.3;0.8;0.0;0.0;0.0;1.0;1.0;1.0;1.0;1.6;1.4
2015-07-02 11:00:00 EDT;60.79;22.89;7760000.0;0.0;21661.0;10719.0;0.04;0.1;0.12;0.16;0.0;0.0;0.0;0.0;0.0;7755203.0;0.0;7197298.0;0.0;0.0;0.0;7089242.0;11360.0;12660.0;27.7;27.7;27.7;27.7;30.9;15.4;0.0;0.0;0.0;0.0;9.0;0.69;18.53;0.35;0.0;0.0;0.0;1.0;1.0;1.0;1.0;14.4;19.4;7.5;17.9;0.3;0.8;0.0;0.0;0.0;1.0;1.0;1.0;1.0;1.6;1.4
2015-07-02 11:00:15 EDT;60.79;22.89;7760000.0;0.0;21661.0;10719.0;0.04;0.1;0.12;0.16;0.0;0.0;0.0;0.0;0.0;7755203.0;0.0;7197298.0;0.0;0.0;0.0;7089242.0;11360.0;12660.0;27.7;27.7;27.7;27.7;30.933333333;15.4;0.0;0.0;0.0;0.0;6.0;0.70333333333;18.503333333;0.34;0.0;0.0;0.0;1.0;1.0;1.0;1.0;14.4;19.4;7.5;17.9;0.3;0.8;0.0;0.0;0.0;1.0;1.0;1.0;1.0;1.6;1.4
2015-07-02 11:00:30 EDT;60.79;22.89;7760000.0;0.0;21683.0;10710.666667;0.073333333333;0.12666666667;0.08;0.10666666667;0.0;0.0;0.0;0.0;0.0;7746264.0;0.0;7172266.3333;0.0;0.0;0.0;7070039.0;11926.666667;12553.333333;27.7;27.7;27.7;27.7;31.0;15.4;0.0;0.0;0.0;0.0;0.0;0.73;18.45;0.32;0.0;0.0;0.0;1.0;1.0;1.0;1.0;14.4;19.4;7.5;17.9;0.3;0.8;0.0;0.0;0.0;1.0;1.0;1.0;1.0;1.6;1.4
2015-07-02 11:00:45 EDT;60.853333333;22.233333333;7750000.0;0.0;21727.0;10694.0;0.14;0.18;0.0;0.0;0.0;0.0;0.0;0.0;0.0;7728386.0;0.0;7122203.0;0.0;0.0;0.0;7031633.0;13060.0;12340.0;27.7;27.7;27.7;27.7;31.0;15.4;0.0;0.0;0.0;0.0;0.0;0.73;18.45;0.32;0.0;0.0;0.0;1.0;1.0;1.0;1.0;14.4;19.4;7.5;17.9;0.3;0.8;0.0;0.0;0.0;1.0;1.0;1.0;1.0;1.6;1.4
2015-07-02 11:01:00 EDT;60.98;20.92;7730000.0;0.0;21727.0;10694.0;0.14;0.18;0.0;0.0;0.0;0.0;0.0;0.0;0.0;7728386.0;0.0;7122203.0;0.0;0.0;0.0;7031633.0;13060.0;12340.0;27.7;27.7;27.7;27.7;31.0;15.4;0.0;0.0;0.0;0.0;0.0;0.73;18.45;0.32;0.0;0.0;0.0;1.0;1.0;1.0;1.0;14.4;19.4;7.5;17.933333333;0.3;0.8;0.0;0.0;0.0;1.0;1.0;1.0;1.0;1.6;1.4333333333
2015-07-02 11:01:15 EDT;60.98;20.92;7730000.0;0.0;21727.0;10694.0;0.14;0.18;0.0;0.0;0.0;0.0;0.0;0.0;0.0;7728386.0;0.0;7122203.0;0.0;0.0;0.0;7031633.0;13060.0;12340.0;27.7;27.7;27.7;27.7;31.0;15.4;0.0;0.0;0.0;0.0;0.0;0.74;18.266666667;0.31666666667;0.0;0.0;0.0;1.0;1.0;1.0;1.0;14.4;19.4;7.5;18.0;0.3;0.8;0.0;0.0;0.0;1.0;1.0;1.0;1.0;1.6;1.5
2015-07-02 11:01:30 EDT;60.98;20.92;7730000.0;0.0;21705.0;10698.666667;0.093333333333;0.14666666667;0.026666666667;0.013333333333;0.0;0.0;0.0;0.0;0.0;7722631.0;0.0;7101429.0;0.0;0.0;0.0;7015676.6667;12240.0;11760.0;27.7;27.7;27.7;27.7;31.0;15.4;0.0;0.0;0.0;0.0;0.0;0.76;17.9;0.31;0.0;0.0;0.0;1.0;1.0;1.0;1.0;14.4;19.4;7.5;18.0;0.3;0.8;0.0;0.0;0.0;1.0;1.0;1.0;1.0;1.6;1.5
2015-07-02 11:01:45 EDT;60.92;20.646666667;7723333.3333;0.0;21661.0;10708.0;0.0;0.08;0.08;0.04;0.0;0.0;0.0;0.0;0.0;7711121.0;0.0;7059881.0;0.0;0.0;0.0;6983764.0;10600.0;10600.0;27.7;27.7;27.7;27.7;31.0;15.4;0.0;0.0;0.0;0.0;0.0;0.76;17.9;0.31;0.0;0.0;0.0;1.0;1.0;1.0;1.0;14.4;19.4;7.5;18.0;0.3;0.8;0.0;0.0;0.0;1.0;1.0;1.0;1.0;1.6;1.5
2015-07-02 11:02:00 EDT;60.8;20.1;7710000.0;0.0;21661.0;10708.0;0.0;0.08;0.08;0.04;0.0;0.0;0.0;0.0;0.0;7711121.0;0.0;7059881.0;0.0;0.0;0.0;6983764.0;10600.0;10600.0;27.7;27.7;27.7;27.7;31.0;15.4;0.0;0.0;0.0;0.0;0.0;0.76;17.9;0.31;0.0;0.0;0.0;1.0;1.0;1.0;1.0;14.4;19.4;7.5;18.0;0.3;0.8;0.0;0.0;0.0;1.0;1.0;1.0;1.0;1.6;1.5
2015-07-02 11:02:15 EDT;60.8;20.1;7710000.0;0.0;21661.0;10708.0;0.0;0.08;0.08;0.04;0.0;0.0;0.0;0.0;0.0;7711121.0;0.0;7059881.0;0.0;0.0;0.0;6983764.0;10600.0;10600.0;27.7;27.7;27.7;27.7;31.0;15.4;0.0;0.0;0.0;0.0;0.0;0.76;17.9;0.31;0.0;0.0;0.0;1.0;1.0;1.0;1.0;14.366666667;19.4;7.5;18.0;0.3;0.8;0.0;0.0;0.0;1.0;1.0;1.0;1.0;1.6333333333;1.5
2015-07-02 11:02:30 EDT;60.8;20.1;7710000.0;0.0;21661.0;10708.0;0.0;0.08;0.08;0.04;0.0;0.0;0.0;0.0;0.0;7711121.0;0.0;7059881.0;0.0;0.0;0.0;6983764.0;10600.0;10600.0;27.666666667;27.7;27.7;27.7;31.033333333;15.366666667;0.0;0.0;0.0;0.0;0.0;0.75666666667;18.003333333;0.31;0.0;0.0;0.0;1.0;1.0;1.0;1.0;14.3;19.4;7.5;18.0;0.3;0.8;0.0;0.0;0.0;1.0;1.0;1.0;1.0;1.7;1.5
2015-07-02 11:02:45 EDT;60.8;20.1;7710000.0;0.0;21661.0;10711.666667;0.0;0.08;0.053333333333;0.026666666667;0.0;0.0;0.0;0.0;0.0;7706222.0;0.0;7040675.6667;0.0;0.0;0.0;6968611.3333;10556.666667;11106.666667;27.6;27.7;27.7;27.7;31.1;15.3;0.0;0.0;0.0;0.0;0.0;0.75;18.21;0.31;0.0;0.0;0.0;1.0;1.0;1.0;1.0;14.3;19.4;7.5;18.0;0.3;0.8;0.0;0.0;0.0;1.0;1.0;1.0;1.0;1.7;1.5
2015-07-02 11:03:00 EDT;60.803333333;20.17;7706666.6667;0.0;21661.0;10719.0;0.0;0.08;0.0;0.0;0.0;0.0;0.0;0.0;0.0;7696424.0;0.0;7002265.0;0.0;0.0;0.0;6938306.0;10470.0;12120.0;27.6;27.7;27.7;27.7;31.1;15.3;0.0;0.0;0.0;0.0;0.0;0.75;18.21;0.31;0.0;0.0;0.0;1.0;1.0;1.0;1.0;14.3;19.4;7.5;18.0;0.3;0.8;0.0;0.0;0.0;1.0;1.0;1.0;1.0;1.7;1.5
2015-07-02 11:03:15 EDT;60.81;20.31;7700000.0;0.0;21661.0;10719.0;0.0;0.08;0.0;0.0;0.0;0.0;0.0;0.0;0.0;7696424.0;0.0;7002265.0;0.0;0.0;0.0;6938306.0;10470.0;12120.0;27.6;27.7;27.7;27.7;31.1;15.3;0.0;0.0;0.0;0.0;0.0;0.75;18.21;0.31;0.0;0.0;0.0;1.0;1.0;1.0;1.0;14.3;19.4;7.5;17.966666667;0.3;0.8;0.0;0.0;0.0;1.0;1.0;1.0;1.0;1.7;1.5
2015-07-02 11:03:30 EDT;60.81;20.31;7700000.0;0.0;21661.0;10719.0;0.0;0.08;0.0;0.0;0.0;0.0;0.0;0.0;0.0;7696424.0;0.0;7002265.0;0.0;0.0;0.0;6938306.0;10470.0;12120.0;27.6;27.7;27.7;27.7;31.1;15.3;41369.333333;0.0;4008.0;0.0;0.0;0.60333333333;16.883333333;0.36666666667;0.0;0.0;0.0;1.0;1.0;1.0;1.0;14.3;19.4;7.5;17.9;0.3;0.8;0.0;0.0;0.0;1.0;1.0;1.0;1.0;1.7;1.5
2015-07-02 11:03:45 EDT;60.81;20.31;7700000.0;0.0;21661.0;10727.666667;0.0066666666667;0.053333333333;0.0;0.02;0.0;0.0;0.0;0.0;0.0;7689268.6667;0.0;6993123.6667;0.0;0.0;0.0;6904566.6667;8340.0;9580.0;27.6;27.7;27.7;27.7;31.1;15.3;124108.0;0.0;12024.0;0.0;0.0;0.31;14.23;0.48;0.0;0.0;0.0;1.0;1.0;1.0;1.0;14.3;19.4;7.5;17.9;0.3;0.8;0.0;0.0;0.0;1.0;1.0;1.0;1.0;1.7;1.5
2015-07-02 11:04:00 EDT;60.86;16.096666667;7690000.0;0.0;21661.0;10745.0;0.02;0.0;0.0;0.06;0.0;0.0;0.0;0.0;0.0;7674958.0;0.0;6974841.0;0.0;0.0;0.0;6837088.0;4080.0;4500.0;27.6;27.7;27.7;27.7;31.1;15.3;124108.0;0.0;12024.0;0.0;0.0;0.31;14.23;0.48;0.0;0.0;0.0;1.0;1.0;1.0;1.0;14.3;19.4;7.5;17.9;0.3;0.8;0.0;0.0;0.0;1.0;1.0;1.0;1.0;1.7;1.5
2015-07-02 11:04:15 EDT;60.96;7.67;7670000.0;0.0;21661.0;10745.0;0.02;0.0;0.0;0.06;0.0;0.0;0.0;0.0;0.0;7674958.0;0.0;6974841.0;0.0;0.0;0.0;6837088.0;4080.0;4500.0;27.6;27.7;27.7;27.7;31.1;15.3;124108.0;0.0;12024.0;0.0;0.0;0.31;14.23;0.48;0.0;0.0;0.0;1.0;1.0;1.0;1.0;14.3;19.4;7.5;17.9;0.3;0.8;0.0;0.0;0.0;1.0;1.0;1.0;1.0;1.7;1.5
2015-07-02 11:04:30 EDT;60.96;7.67;7670000.0;0.0;21661.0;10745.0;0.02;0.0;0.0;0.06;0.0;0.0;0.0;0.0;0.0;7674958.0;0.0;6974841.0;0.0;0.0;0.0;6837088.0;4080.0;4500.0;27.6;27.7;27.7;27.7;31.1;15.3;124108.0;0.0;12024.0;0.0;0.0;0.31;14.23;0.48;0.0;0.0;0.0;1.0;1.0;1.0;1.0;14.3;19.4;7.5;17.9;0.3;0.8;0.0;0.0;0.0;1.0;1.0;1.0;1.0;1.7;1.5
2015-07-02 11:04:45 EDT;60.96;7.67;7670000.0;0.0;21661.0;10745.0;0.02;0.0;0.0;0.06;0.0;0.0;0.0;0.0;0.0;7674958.0;0.0;6974841.0;0.0;0.0;0.0;6837088.0;4080.0;4500.0;27.6;27.653333333;27.653333333;27.653333333;31.1;15.3;477521.66667;0.0;6412.8;0.0;0.0;0.562;15.947333333;0.36333333333;0.0;0.0;0.0;1.0;1.0;1.0;1.0;14.3;19.4;7.5;17.9;0.3;0.8;0.0;0.0;0.0;1.0;1.0;1.0;1.0;1.7;1.5
2015-07-02 11:05:00 EDT;60.96;7.67;7670000.0;0.0;21661.0;10733.333333;0.029333333333;0.0093333333333;0.0;0.032;0.0;0.0;0.0;0.0;0.0;7674955.6667;0.0;6974841.0;0.0;0.0;0.0;6837088.0;5676.0;7323.3333333;27.6;27.6;27.6;27.6;31.1;15.3;881423.0;0.0;0.0;0.0;0.0;0.85;17.91;0.23;0.0;0.0;0.0;1.0;1.0;1.0;1.0;14.3;19.4;7.5;17.9;0.3;0.8;0.0;0.0;0.0;1.0;1.0;1.0;1.0;1.7;1.5
2015-07-02 11:05:15 EDT;60.904;10.708;7670000.0;0.0;21661.0;10720.0;0.04;0.02;0.0;0.0;0.0;0.0;0.0;0.0;0.0;7674953.0;0.0;6974841.0;0.0;0.0;0.0;6837088.0;7500.0;10550.0;27.6;27.6;27.6;27.6;31.1;15.3;881423.0;0.0;0.0;0.0;0.0;0.85;17.91;0.23;0.0;0.0;0.0;1.0;1.0;1.0;1.0;14.3;19.4;7.5;17.9;0.3;0.8;0.0;0.0;0.0;1.0;1.0;1.0;1.0;1.7;1.5
2015-07-02 11:05:30 EDT;60.84;14.18;7670000.0;0.0;21661.0;10720.0;0.04;0.02;0.0;0.0;0.0;0.0;0.0;0.0;0.0;7674953.0;0.0;6974841.0;0.0;0.0;0.0;6837088.0;7500.0;10550.0;27.6;27.6;27.6;27.6;31.1;15.3;881423.0;0.0;0.0;0.0;0.0;0.85;17.91;0.23;0.0;0.0;0.0;1.0;1.0;1.0;1.0;14.3;19.4;7.4533333333;17.9;0.3;0.8;0.0;0.0;0.0;1.0;1.0;1.0;1.0;1.7;1.5
2015-07-02 11:05:45 EDT;60.84;14.18;7670000.0;0.0;21661.0;10720.0;0.04;0.02;0.0;0.0;0.0;0.0;0.0;0.0;0.0;7674953.0;0.0;6974841.0;0.0;0.0;0.0;6837088.0;7500.0;10550.0;27.6;27.6;27.6;27.6;31.146666667;15.3;884118.93333;0.0;-9.3333333333;0.0;-11689.533333;0.85;17.891333333;0.23;0.0;0.0;0.0;1.0;1.0;1.0;1.0;14.3;19.4;7.4;17.9;0.3;0.8;0.0;0.0;0.0;1.0;1.0;1.0;1.0;1.7;1.5
2015-07-02 11:06:00 EDT;60.84;14.18;7670000.0;0.0;21661.0;10712.066667;0.021333333333;0.02;0.0;0.0;0.0;0.0;0.0;0.0;0.0;7674960.0;0.0;6974841.0;0.0;0.0;0.0;6837088.0;7322.6666667;10526.666667;27.6;27.6;27.6;27.6;31.2;15.3;887200.0;0.0;-20.0;0.0;-25049.0;0.85;17.87;0.23;0.0;0.0;0.0;1.0;1.0;1.0;1.0;14.3;19.4;7.4;17.9;0.3;0.8;0.0;0.0;0.0;1.0;1.0;1.0;1.0;1.7;1.5
2015-07-02 11:06:15 EDT;60.798;14.408666667;7670000.0;0.0;21661.0;10703.0;0.0;0.02;0.0;0.0;0.0;0.0;0.0;0.0;0.0;7674968.0;0.0;6974841.0;0.0;0.0;0.0;6837088.0;7120.0;10500.0;27.6;27.6;27.6;27.6;31.2;15.3;887200.0;0.0;-20.0;0.0;-25049.0;0.85;17.87;0.23;0.0;0.0;0.0;1.0;1.0;1.0;1.0;14.3;19.4;7.4;17.9;0.3;0.8;0.0;0.0;0.0;1.0;1.0;1.0;1.0;1.7;1.5
2015-07-02 11:06:30 EDT;60.75;14.67;7670000.0;0.0;21661.0;10703.0;0.0;0.02;0.0;0.0;0.0;0.0;0.0;0.0;0.0;7674968.0;0.0;6974841.0;0.0;0.0;0.0;6837088.0;7120.0;10500.0;27.6;27.6;27.6;27.6;31.2;15.3;887200.0;0.0;-20.0;0.0;-25049.0;0.85;17.87;0.23;0.0;0.0;0.0;1.0;1.0;1.0;1.0;14.3;19.4;7.4;17.9;0.3;0.8;0.0;0.0;0.0;1.0;1.0;1.0;1.0;1.7;1.5
2015-07-02 11:06:45 EDT;60.75;14.67;7670000.0;0.0;21661.0;10703.0;0.0;0.02;0.0;0.0;0.0;0.0;0.0;0.0;0.0;7674968.0;0.0;6974841.0;0.0;0.0;0.0;6837088.0;7120.0;10500.0;27.6;27.6;27.6;27.6;31.2;15.3;887200.0;0.0;-20.0;0.0;-25049.0;0.85;17.87;0.23;0.0;0.0;0.0;1.0;1.0;1.0;1.0;14.3;19.4;7.4;17.9;0.3;0.8;0.0;0.0;0.0;1.0;1.0;1.0;1.0;1.7;1.5
